36475.170066000 0.000000000 0.000000000 0.000000000 0.000000000 0.000000000 0.000000000 1.000000000
36475.371785000 0.106643149 0.013261482 1.774059956 0.000077174 0.029678695 -0.001277615 0.999558669
36475.573505000 0.316606857 0.012172890 3.527493873 -0.001935003 0.059697479 -0.002992599 0.998210137
36475.775225000 0.638611466 0.005224116 5.302931500 -0.001514555 0.089491372 -0.003820772 0.995979150
36475.976946000 1.024091048 0.022950749 7.064770298 -0.002492266 0.118294371 -0.003382537 0.992969711
36476.178666000 1.533833921 0.022098034 8.820616474 -0.003992110 0.144405137 -0.003065760 0.989505909
36476.380386000 2.099694419 0.045486134 10.580121036 -0.001662250 0.166608916 -0.000398494 0.986021592
36476.582105000 2.734220943 0.068401423 12.304816648 -0.004846762 0.184405942 0.002481926 0.982834972
36476.783825000 3.445092418 0.083033596 14.028263822 -0.006870368 0.198386693 0.003070191 0.980095017
36476.985545000 4.208117619 0.125127340 15.739763792 -0.009795150 0.208469045 0.000951476 0.977979201
36477.187265000 4.997969806 0.149046774 17.458774683 -0.009847616 0.215283475 0.000459236 0.976501914
36477.388985000 5.801993449 0.198785885 19.171438416 -0.009419475 0.220218085 0.001301185 0.975404160
36477.590705000 6.633881796 0.223307729 20.858842358 -0.010756356 0.223431629 0.000826712 0.974659598
36477.792424000 7.473983396 0.264719543 22.564317300 -0.010224471 0.225268746 0.000010421 0.974242843
36477.994144000 8.308501956 0.315128673 24.264235601 -0.008174874 0.226075202 -0.001078241 0.974074842
36478.195864000 9.136769980 0.342503616 25.956740007 -0.006284879 0.226475827 -0.000983662 0.973995851
36478.397584000 9.960616387 0.368816247 27.625800669 -0.005027308 0.226224620 -0.000229194 0.974062157
36478.599304000 10.789795462 0.400525481 29.285413549 -0.007791507 0.225912935 -0.000030676 0.974115991
36478.801024000 11.613288113 0.435041041 30.946524419 -0.010858458 0.225125984 -0.000453922 0.974269199
36479.002743000 12.434333797 0.476523143 32.611254255 -0.011791437 0.224310019 -0.000765077 0.974445830
36479.204463000 13.238963598 0.528787949 34.245809087 -0.012776545 0.223448894 -0.001599640 0.974630394
36479.406183000 14.040438406 0.567378901 35.873954248 -0.013764314 0.222293220 -0.003067963 0.974877782
36479.607903000 14.822366835 0.619572366 37.494693456 -0.015991525 0.221000552 -0.004358516 0.975132800
36479.809623000 15.591890809 0.683633548 39.103874460 -0.017663748 0.219417706 -0.004876572 0.975458644
36480.011343000 16.336511659 0.742657955 40.683212791 -0.018596702 0.217613486 -0.004915998 0.975845369
36480.213062000 17.064785149 0.808727691 42.219783689 -0.019995119 0.215377245 -0.004630814 0.976315087
36480.414782000 17.781679319 0.883513481 43.768716789 -0.020959311 0.212759715 -0.004635362 0.976868634
36480.616502000 18.484790501 0.962619672 45.277863956 -0.022029244 0.209530527 -0.005429314 0.977538542
36480.818222000 19.162664263 1.040470963 46.775807725 -0.022148488 0.205464729 -0.006812622 0.978390164
36481.019943000 19.802801963 1.111494617 48.238878377 -0.022871157 0.200316608 -0.007984499 0.979431605
36481.221663000 20.424061520 1.187885012 49.703058311 -0.022481744 0.193721747 -0.008986903 0.980757654
36481.423382000 21.007909467 1.248249783 51.142280701 -0.023861405 0.185985599 -0.009654746 0.982215030
36481.625102000 21.550360757 1.325382185 52.561893954 -0.025772732 0.176760627 -0.008648464 0.983878420
36481.826822000 22.032416722 1.406082101 53.977247049 -0.026468061 0.165906827 -0.006150114 0.985766851
36482.028542000 22.494787927 1.495871493 55.424397133 -0.026124207 0.152474066 -0.004080433 0.987953783
36482.230262000 22.917641181 1.572803846 56.889704177 -0.026063455 0.136938273 -0.002317229 0.990233831
36482.431982000 23.261559502 1.652004648 58.336130214 -0.024822190 0.118037865 -0.001123761 0.992698158
36482.633701000 23.564495086 1.736555109 59.784581223 -0.023339915 0.095706230 -0.000994957 0.995135451
36482.835421000 23.776502402 1.815476115 61.234236683 -0.021953699 0.069880450 -0.000887258 0.997313397
36483.037141000 23.899568219 1.875186167 62.684810725 -0.020921542 0.040481389 0.000077564 0.998961226
36483.238861000 23.931931303 1.924213105 64.080733297 -0.020327065 0.009646378 0.000702905 0.999746600
36483.440581000 23.871477301 1.993126972 65.466807393 -0.018990415 -0.021274751 0.000938792 0.999592847
36483.642301000 23.719140688 2.039773009 66.836835868 -0.018600967 -0.051887019 0.001602388 0.998478422
36483.844020000 23.507607794 2.100011162 68.149022865 -0.018506275 -0.081019876 0.001761361 0.996539121
36484.045740000 23.215173475 2.142496481 69.459777280 -0.019373753 -0.109335479 0.001801081 0.993814401
36484.247460000 22.860459867 2.209052076 70.748003930 -0.021559208 -0.137116465 0.000680413 0.990319941
36484.449180000 22.439914527 2.278953856 72.012004931 -0.023389956 -0.165237673 -0.000800577 0.985975922
36484.650900000 21.916949674 2.346114551 73.273256161 -0.023333510 -0.193346504 -0.001018274 0.980852464
36484.852620000 21.343119422 2.408960404 74.507762294 -0.022488854 -0.220245788 -0.001454850 0.975183972
36485.054339000 20.691964568 2.472513675 75.717543529 -0.021477495 -0.245969372 -0.001463765 0.969038473
36485.256059000 19.960952336 2.533633217 76.882360386 -0.020941660 -0.273239856 -0.001243783 0.961717111
36485.457779000 19.187861032 2.596181796 77.974418476 -0.022469730 -0.302473559 -0.001662132 0.952891688
36485.659499000 18.346644124 2.632951823 79.010312300 -0.024863049 -0.333187330 -0.001314816 0.942531132
36485.861219000 17.434992294 2.718599606 79.989532179 -0.025407273 -0.363848281 -0.001447211 0.931110322
36486.062938000 16.465520030 2.781276135 80.921783668 -0.026210957 -0.394996600 -0.001271073 0.918307011
36486.264658000 15.423208279 2.850363253 81.762941734 -0.027283408 -0.425101795 -0.000735283 0.904733873
36486.466378000 14.335330541 2.914633094 82.524709622 -0.028751123 -0.454837876 0.000336486 0.890109532
36486.668098000 13.210662069 2.985936152 83.237556334 -0.029047691 -0.482520335 0.001619432 0.875398767
36486.869818000 12.035189337 3.059204586 83.850899381 -0.030440796 -0.509175421 0.003356688 0.860118397
36487.071539000 10.822652847 3.097116166 84.438693363 -0.031442621 -0.535520713 0.002977186 0.843930341
36487.273258000 9.549313682 3.166510270 84.943763284 -0.029024336 -0.562647229 0.003037144 0.826179391
36487.474978000 8.235220696 3.219402079 85.354945372 -0.027597650 -0.591147544 0.001980954 0.806087726
36487.676698000 6.882232453 3.266145268 85.700962556 -0.024843821 -0.619880709 -0.000055514 0.784301463
36487.878418000 5.477910530 3.301739946 85.930490438 -0.022359783 -0.646937646 -0.001622277 0.762211594
36488.080138000 4.040189858 3.352331236 86.093629273 -0.017150493 -0.672064853 -0.004055101 0.740277544
36488.281858000 2.578190704 3.398678300 86.145105223 -0.014755931 -0.695171032 -0.001974616 0.718690605
36488.483577000 1.104055482 3.431545011 86.122596812 -0.010523741 -0.716320070 -0.002187347 0.697691920
36488.685297000 -0.352575560 3.455719387 86.003226928 -0.009074163 -0.735112351 0.000213438 0.677889030
36488.887017000 -1.811007382 3.471517671 85.819188407 -0.008648712 -0.752777413 0.000775080 0.658217232
36489.088737000 -3.255282533 3.489802062 85.554920252 -0.008493180 -0.768219794 0.003062040 0.640113438
36489.290457000 -4.686485764 3.504183388 85.225182586 -0.008135397 -0.781955302 0.004903381 0.623262387
36489.492176000 -6.119138125 3.512797521 84.852079953 -0.006497807 -0.793664562 0.006016559 0.608298621
36489.693896000 -7.527327705 3.504281588 84.417244724 -0.007950013 -0.804158788 0.006208698 0.594333380
36489.895616000 -8.912068147 3.504316919 83.947184291 -0.008741435 -0.812946903 0.007132896 0.582229907
36490.097336000 -10.278372166 3.506649617 83.444709909 -0.008851385 -0.820109057 0.009149377 0.572053088
36490.299056000 -11.640384580 3.502120596 82.908768143 -0.008763154 -0.825610469 0.010671178 0.564060802
36490.500776000 -12.975160088 3.498420879 82.363884530 -0.008052716 -0.830643900 0.010379486 0.556630161
36490.702495000 -14.302673632 3.485672801 81.795563682 -0.009377835 -0.834620869 0.009658732 0.550654443
36490.904215000 -15.610760467 3.498251223 81.215683538 -0.008979243 -0.836981224 0.011292500 0.547039654
36491.105936000 -16.908431944 3.487163142 80.645719932 -0.008416159 -0.837773598 0.011572102 0.545816678
36491.307656000 -18.183630074 3.482442914 80.079555188 -0.008542310 -0.838277483 0.009922247 0.545078120
36491.509376000 -19.443060244 3.478244275 79.515532022 -0.008988088 -0.838837099 0.008951726 0.544249630
36491.711095000 -20.668430887 3.481037699 78.972916748 -0.008797271 -0.839477686 0.008402958 0.543258120
36491.912815000 -21.853892930 3.485541391 78.438649546 -0.008492934 -0.840359673 0.008068804 0.541875930
36492.114535000 -22.996327710 3.485515890 77.917162571 -0.009133021 -0.841105276 0.007485263 0.540750211
36492.316255000 -24.126278940 3.499656562 77.402173046 -0.008941939 -0.841693348 0.007086280 0.539812932
36492.517975000 -25.200007290 3.502641478 76.903104873 -0.009004204 -0.842182644 0.007807172 0.539077311
36492.719695000 -26.236086738 3.508540607 76.424365424 -0.009037023 -0.842617189 0.007904438 0.538367240
36492.921414000 -27.242336125 3.507819034 75.961722637 -0.009090346 -0.843019854 0.006699574 0.537764516
36493.123134000 -28.214121188 3.516798555 75.508548897 -0.009633276 -0.843342821 0.005538908 0.537257613
36493.324854000 -29.185132348 3.530152295 75.056781812 -0.010234576 -0.843640663 0.006145311 0.536774498
36493.526574000 -30.119064078 3.530183730 74.622178573 -0.009206004 -0.844054327 0.007382585 0.536143730
36493.728294000 -31.043893619 3.540331414 74.192719789 -0.008079180 -0.844343980 0.007564466 0.535697276
36493.930013000 -31.935325553 3.532705278 73.769396066 -0.008864472 -0.844653385 0.007364643 0.535159580
36494.131733000 -32.826001640 3.542028758 73.348143578 -0.008458385 -0.845076078 0.006699357 0.534522088
36494.333453000 -33.710026135 3.546760391 72.929787067 -0.008226691 -0.845211599 0.005978630 0.534306982
36494.535173000 -34.583329979 3.550390853 72.516242393 -0.008805875 -0.845463593 0.005374520 0.533947194
36494.736893000 -35.445859822 3.559592125 72.104308069 -0.009517547 -0.845646567 0.004753065 0.533615963
36494.938613000 -36.308444146 3.567075559 71.691110868 -0.010160596 -0.845882898 0.004826717 0.533244806
36495.140332000 -37.155022039 3.577112486 71.287581631 -0.010324767 -0.846133368 0.004386016 0.532863665
36495.342052000 -38.011965779 3.579701069 70.877969936 -0.011464466 -0.846369353 0.004713787 0.532438646
36495.543772000 -38.862781031 3.592162462 70.471216647 -0.011048977 -0.846646741 0.003225455 0.532004458
36495.745492000 -39.692052121 3.612423977 70.070690496 -0.011843204 -0.846606316 0.003152301 0.532097713
36495.947212000 -40.528592541 3.621110173 69.673135457 -0.012834115 -0.846823476 0.002954021 0.531718886
36496.148933000 -41.358972962 3.644784630 69.279123585 -0.013087235 -0.846916863 0.002729103 0.531529199
36496.350652000 -42.200526678 3.658125418 68.873710704 -0.013817992 -0.847005504 0.002554138 0.531406342
36496.552372000 -43.034248292 3.671959226 68.473712098 -0.013853431 -0.847026789 0.002056832 0.531348111
36496.754092000 -43.851654208 3.687647354 68.082245494 -0.013706133 -0.847055596 0.000947542 0.531332723
36496.955812000 -44.674304021 3.696524597 67.684712510 -0.014174469 -0.847156928 0.000278866 0.531163218
36497.157532000 -45.529758114 3.710339775 67.276121154 -0.013972315 -0.847107612 -0.001291802 0.531210058
36497.359251000 -46.408850683 3.719370867 66.854671342 -0.014151174 -0.847195620 -0.003921441 0.531062109
36497.560971000 -47.345254352 3.744813457 66.395032003 -0.014272224 -0.847234395 -0.004019387 0.530982719
36497.762691000 -48.356491749 3.773767326 65.909299557 -0.014342309 -0.847322167 -0.003501839 0.530844038
36497.964411000 -49.399154202 3.800895219 65.408048907 -0.014140663 -0.847420201 -0.004442322 0.530717748
36498.166131000 -50.491778060 3.822569941 64.885410609 -0.014800726 -0.847310219 -0.004528583 0.530854246
36498.367851000 -51.636091213 3.851466110 64.338879272 -0.014981898 -0.847056071 -0.004634750 0.531271176
36498.569570000 -52.799540360 3.884587147 63.777103801 -0.014966597 -0.846831657 -0.005360785 0.531601192
36498.771290000 -53.971163342 3.916227269 63.204750351 -0.014896871 -0.846786023 -0.006027901 0.531683039
36498.973010000 -55.160616788 3.956378143 62.630088297 -0.015085066 -0.846568338 -0.006609486 0.532031977
36499.174730000 -56.352895316 3.990440309 62.052536758 -0.015489385 -0.846308915 -0.006713702 0.532406907
36499.376450000 -57.571501631 4.025825871 61.467672535 -0.015373666 -0.846156039 -0.006831522 0.532648751
36499.578169000 -58.780132159 4.071102127 60.901136188 -0.015948549 -0.845967190 -0.008254801 0.532935240
36499.779889000 -59.986748360 4.113973594 60.321902273 -0.017239008 -0.845752600 -0.009971378 0.533196935
36499.981609000 -61.222037201 4.160551550 59.761735684 -0.016651910 -0.845659461 -0.010772108 0.533354591
36500.183329000 -62.436737141 4.224233817 59.195266889 -0.015703355 -0.845420269 -0.011161595 0.533763242
36500.385049000 -63.616209375 4.282573504 58.619165569 -0.016592371 -0.845520189 -0.012860781 0.533514536
36500.586769000 -64.812303030 4.332050077 58.052054919 -0.017574828 -0.845832711 -0.014706234 0.532924255
36500.788488000 -66.025943769 4.388825205 57.466909164 -0.015999089 -0.845987861 -0.013984589 0.532754035
36500.990209000 -67.233251025 4.438740460 56.850350053 -0.012884822 -0.846296482 -0.010158471 0.532433955
36501.191929000 -68.430163743 4.501313754 56.264279381 -0.011833803 -0.847073812 -0.008987262 0.531253779
36501.393649000 -69.620752606 4.520321002 55.680594766 -0.014191093 -0.847277091 -0.009773137 0.530860855
36501.595369000 -70.801023156 4.572976029 55.067899008 -0.016198414 -0.847696278 -0.009048583 0.530151257
36501.797088000 -72.005982835 4.624880198 54.507206706 -0.018385526 -0.847571185 -0.012217054 0.530233808
36501.998808000 -73.191127408 4.696528168 53.919945459 -0.020212884 -0.847462953 -0.014516113 0.530243848
36502.200528000 -74.430058963 4.777170031 53.369817011 -0.019147433 -0.847340963 -0.015257483 0.530487132
36502.402248000 -75.639450768 4.827703754 52.788894178 -0.017951633 -0.847074377 -0.015487416 0.530953013
36502.603968000 -76.857014564 4.872145907 52.205215377 -0.016038832 -0.847506547 -0.014205907 0.530359840
36502.805687000 -78.059789233 4.932681705 51.612145663 -0.015785434 -0.847742115 -0.013985987 0.529983583
36503.007407000 -79.294954488 4.996343239 51.028872554 -0.014967089 -0.847824990 -0.014947980 0.529855472
36503.209127000 -80.520232691 5.047320071 50.410644748 -0.015301749 -0.847726433 -0.014828618 0.530010767
36503.410847000 -81.725004373 5.109230205 49.848701915 -0.015278281 -0.848369160 -0.016684905 0.528920460
36503.612567000 -82.937289681 5.159477762 49.218397998 -0.016022138 -0.848169263 -0.014420674 0.529276217
36503.814287000 -84.153453298 5.227893858 48.599323240 -0.016767739 -0.848955622 -0.011669690 0.528058754
36504.016006000 -85.375044265 5.289113745 48.001019742 -0.017461542 -0.849262191 -0.011666953 0.527537001
36504.217726000 -86.612188796 5.331120631 47.398116434 -0.017789652 -0.849185792 -0.015392076 0.527551354
36504.419446000 -87.815757241 5.419633689 46.823820978 -0.020625559 -0.849494627 -0.021711598 0.526723291
36504.621166000 -89.015478045 5.491743553 46.228390351 -0.021620140 -0.849542754 -0.024673592 0.526493073
36504.822886000 -90.234612815 5.578150151 45.604514418 -0.021742185 -0.849869145 -0.023809928 0.525988739
36505.024605000 -91.445622793 5.666699054 44.991968167 -0.021455282 -0.850177795 -0.023054234 0.525532433
36505.226325000 -92.661621170 5.763332996 44.373150678 -0.020797660 -0.850417579 -0.021544517 0.525241575
36505.428045000 -93.770664611 5.838958926 43.830159442 -0.019603897 -0.850187033 -0.020823066 0.525674734
