37060.100000000 -0.579234503 -1.206610047 -0.138209693 -0.000000000 -0.000000000 0.000000000 1.000000000
37060.300000000 -0.588702644 -1.988125840 -0.057927450 0.008736348 -0.000360474 -0.022105225 0.999717412
37060.500000000 -0.631224161 -2.809451161 0.012952279 0.018825123 0.000036135 -0.045192436 0.998800910
37060.700000000 -0.716673501 -3.664433587 0.067942600 0.028549917 -0.000384528 -0.068612765 0.997234700
37060.900000000 -0.845259717 -4.531520253 0.113800597 0.037140466 -0.003261728 -0.090140225 0.995230972
37061.100000000 -1.025793248 -5.429718151 0.145924196 0.045022244 -0.005512706 -0.108904700 0.993016807
37061.300000000 -1.229867463 -6.323227134 0.177334218 0.052185758 -0.007108358 -0.125332279 0.990715874
37061.500000000 -1.454573693 -7.229492991 0.194453824 0.058311919 -0.008374418 -0.138501581 0.988608578
37061.700000000 -1.705813108 -8.152743275 0.200034219 0.062930911 -0.010684970 -0.148261388 0.986886057
37061.900000000 -1.952358541 -9.061337479 0.193991692 0.066832544 -0.010982727 -0.155892393 0.985449306
37062.100000000 -2.235316771 -10.005600549 0.190174202 0.068404768 -0.013216421 -0.161327405 0.984438723
37062.300000000 -2.531604951 -10.964079831 0.184349692 0.070148657 -0.012162972 -0.165177693 0.983690791
37062.500000000 -2.832309201 -11.929455447 0.181728204 0.070975402 -0.013181879 -0.168902404 0.982985623
37062.700000000 -3.141202168 -12.895039748 0.164749225 0.072148511 -0.013957260 -0.171616315 0.982419263
37062.900000000 -3.459013323 -13.859371130 0.151645772 0.072682571 -0.016131812 -0.173080638 0.982089673
37063.100000000 -3.777099773 -14.849665349 0.131611496 0.072735849 -0.017821667 -0.172886472 0.982090715
37063.300000000 -4.090674395 -15.842214002 0.122783426 0.072414810 -0.018938533 -0.172317695 0.982193467
37063.500000000 -4.415002927 -16.844038595 0.099718331 0.071580258 -0.020779746 -0.172535660 0.982179160
37063.700000000 -4.740501910 -17.859486943 0.089364565 0.070588607 -0.021820266 -0.172518436 0.982231381
37063.900000000 -5.065438163 -18.866394260 0.092052446 0.070163923 -0.022908444 -0.172172027 0.982297833
37064.100000000 -5.393419016 -19.933048337 0.079278193 0.071934716 -0.021847295 -0.170852074 0.982424366
37064.300000000 -5.729075163 -20.984447970 0.070333516 0.071101436 -0.022705022 -0.169226865 0.982746838
37064.500000000 -6.044562346 -22.032420984 0.062672215 0.069960034 -0.022070597 -0.168699866 0.982933798
37064.700000000 -6.362707038 -23.080498784 0.057988834 0.069339428 -0.022882396 -0.167219153 0.983212176
37064.900000000 -6.664330006 -24.126668378 0.052890669 0.069904264 -0.022062146 -0.165447920 0.983490555
37065.100000000 -6.983813259 -25.160461335 0.043130142 0.070389427 -0.021880611 -0.163711481 0.983750552
37065.300000000 -7.277682402 -26.178825180 0.040566544 0.068956923 -0.020745037 -0.163964700 0.983834405
37065.500000000 -7.566837334 -27.174733877 0.037279517 0.067477320 -0.019891291 -0.163485226 0.984034401
37065.700000000 -7.870266207 -28.186047031 0.041194308 0.066685219 -0.019841839 -0.163245519 0.984129194
37065.900000000 -8.162813304 -29.201629535 0.041431628 0.066613326 -0.019150533 -0.163306157 0.984137714
37066.100000000 -8.471401690 -30.207924277 0.044608033 0.066346111 -0.019523308 -0.163484899 0.984118762
37066.300000000 -8.770605819 -31.233969990 0.046638542 0.066586342 -0.018960895 -0.164037571 0.984021568
37066.500000000 -9.084498545 -32.277186476 0.043505635 0.066806141 -0.019480566 -0.164499942 0.983919304
37066.700000000 -9.391137188 -33.304413375 0.042439078 0.066152097 -0.019735589 -0.165636687 0.983767713
37066.900000000 -9.705145791 -34.338862569 0.049875612 0.065882410 -0.020703909 -0.166143659 0.983680393
37067.200000000 -10.028956692 -35.381677227 0.062087890 0.066196140 -0.021294184 -0.166424027 0.983599334
37067.400000000 -10.351618611 -36.429529716 0.072618761 0.066224797 -0.021860508 -0.166224022 0.983618819
37067.600000000 -10.672943028 -37.480996654 0.062863922 0.065538744 -0.021760500 -0.166266954 0.983659733
37067.800000000 -11.000817179 -38.545061175 0.064087470 0.065265969 -0.021984804 -0.166177839 0.983687934
37068.000000000 -11.324567899 -39.616062423 0.063540096 0.065219771 -0.022407458 -0.166244983 0.983670110
37068.200000000 -11.652789227 -40.687468083 0.077312759 0.065266899 -0.022408606 -0.166173381 0.983679058
37068.400000000 -11.985033826 -41.762488398 0.086836607 0.065725206 -0.023218023 -0.165971545 0.983663853
37068.600000000 -12.316381338 -42.845764710 0.084864575 0.065611895 -0.023714409 -0.166214502 0.983618529
37068.800000000 -12.646592481 -43.920614450 0.087069723 0.064952563 -0.023204800 -0.165953208 0.983718589
37069.000000000 -12.976820050 -45.005735135 0.101015938 0.064634126 -0.022218739 -0.165483963 0.983841345
37069.200000000 -13.297754512 -46.101642664 0.102877932 0.063692021 -0.021464612 -0.165240820 0.983960387
37069.400000000 -13.630486412 -47.178839922 0.102877418 0.061933656 -0.024089188 -0.165387685 0.983987212
37069.600000000 -13.948150922 -48.274957795 0.108633967 0.062982939 -0.023569586 -0.164912509 0.984012953
37069.800000000 -14.282208615 -49.367244063 0.136065085 0.064250114 -0.024305360 -0.163272316 0.984186642
37070.000000000 -14.600099007 -50.439165750 0.148574503 0.062847881 -0.022116424 -0.163566104 0.984280009
37070.200000000 -14.907520399 -51.518345212 0.146408071 0.061888477 -0.020640034 -0.162941613 0.984476414
37070.400000000 -15.223484670 -52.575856649 0.165120257 0.063332054 -0.020168936 -0.162001174 0.984549597
37070.600000000 -15.523069641 -53.610121183 0.187807856 0.063349714 -0.019242734 -0.161522388 0.984645657
37070.800000000 -15.824296476 -54.637627945 0.185160150 0.061844084 -0.018826474 -0.161628531 0.984731990
37071.000000000 -16.119605357 -55.658017144 0.202352740 0.061207050 -0.018540105 -0.161014392 0.984877829
37071.200000000 -16.412832610 -56.670974674 0.215661710 0.061076672 -0.017564307 -0.160831636 0.984933673
37071.400000000 -16.717161435 -57.689771524 0.234872239 0.060376602 -0.017684124 -0.160865026 0.984969222
37071.600000000 -17.007141031 -58.700172705 0.243045252 0.060362051 -0.017496140 -0.161273946 0.984906618
37071.800000000 -17.310686139 -59.709990873 0.263299778 0.060401726 -0.018591554 -0.161447160 0.984855734
37072.000000000 -17.623457924 -60.739468315 0.278333943 0.060863588 -0.020061494 -0.161468436 0.984794957
37072.200000000 -17.918964022 -61.783998903 0.286436425 0.061622101 -0.020079233 -0.161588295 0.984727769
37072.400000000 -18.230096593 -62.820441323 0.298870863 0.061502671 -0.020667500 -0.161537890 0.984731317
37072.600000000 -18.534976389 -63.864610933 0.314699752 0.060898746 -0.021133630 -0.161434135 0.984775981
37072.800000000 -18.846544287 -64.925951632 0.329219008 0.059632259 -0.020336752 -0.161615837 0.984840446
37073.000000000 -19.161062317 -65.989542027 0.340217227 0.058814218 -0.021177219 -0.161934607 0.984819588
37073.200000000 -19.473463876 -67.061562032 0.363136237 0.059116932 -0.020227030 -0.161815502 0.984841002
37073.400000000 -19.793305344 -68.138020696 0.378509164 0.057938426 -0.021281673 -0.161411694 0.984955070
37073.600000000 -20.119227720 -69.220430527 0.402379289 0.057148299 -0.022895603 -0.162260302 0.984825610
37073.800000000 -20.441714510 -70.321866476 0.424999095 0.057755057 -0.020327513 -0.162000067 0.984889385
37074.000000000 -20.773825650 -71.436264317 0.450573246 0.058664834 -0.021611050 -0.160925877 0.984984385
37074.200000000 -21.088655692 -72.529720582 0.466379969 0.058976808 -0.021379162 -0.161139444 0.984935913
37074.400000000 -21.405906799 -73.639127299 0.479552585 0.058816244 -0.020510882 -0.160797467 0.985019866
37074.600000000 -21.730926181 -74.762261408 0.503255958 0.059518351 -0.019440342 -0.161057561 0.984956906
37074.800000000 -22.063099649 -75.895946958 0.518988453 0.059374825 -0.019167100 -0.162128983 0.984795125
37075.000000000 -22.390550447 -76.990101458 0.539651347 0.059253364 -0.018329799 -0.163338140 0.984618543
37075.200000000 -22.728309857 -78.123911199 0.554161974 0.060276818 -0.018902300 -0.164070220 0.984423882
37075.400000000 -23.074729000 -79.261855237 0.579412747 0.061582793 -0.018999055 -0.165209934 0.984150517
37075.600000000 -23.420560050 -80.408116964 0.580669108 0.062443350 -0.019953086 -0.166385927 0.983879265
37075.800000000 -23.767452686 -81.537379497 0.595966625 0.062010592 -0.020592646 -0.169047248 0.983439717
37076.000000000 -24.126891470 -82.682387879 0.591168995 0.061293774 -0.022022959 -0.172300617 0.982888889
37076.200000000 -24.505297757 -83.812119942 0.606877960 0.062213549 -0.024169750 -0.175796808 0.982161270
37076.400000000 -24.888885833 -84.950834789 0.620072015 0.064788817 -0.023662444 -0.178224906 0.981569333
37076.600000000 -25.280873520 -86.099300732 0.617052880 0.066667002 -0.023971268 -0.180671414 0.980988662
37076.800000000 -25.672267006 -87.230494263 0.610158146 0.067227970 -0.024084948 -0.183971956 0.980333943
37077.000000000 -26.074623498 -88.350088712 0.607326440 0.067362432 -0.025192837 -0.187199029 0.979685750
37077.200000000 -26.489169588 -89.492196346 0.597204998 0.067970423 -0.027247506 -0.189641863 0.979118776
37077.400000000 -26.910380200 -90.627850618 0.594123611 0.068698201 -0.029379463 -0.191805581 0.978584717
37077.600000000 -27.327429576 -91.754723432 0.581730995 0.069103396 -0.029716353 -0.193648365 0.978182994
37077.800000000 -27.747076789 -92.864539900 0.574979728 0.069813974 -0.030879106 -0.194879733 0.977851924
37078.000000000 -28.176877408 -94.006632307 0.563451619 0.070236935 -0.032005046 -0.195593708 0.977642861
37078.200000000 -28.595256793 -95.135357683 0.550540652 0.069764555 -0.032057216 -0.195558799 0.977681953
37078.400000000 -29.005173366 -96.236159736 0.536475024 0.068970682 -0.032594244 -0.195182852 0.977795656
37078.600000000 -29.416336888 -97.333475110 0.526738435 0.068044838 -0.033521246 -0.194677103 0.977929984
37078.800000000 -29.820072316 -98.434586559 0.522796053 0.067170601 -0.034004475 -0.194084726 0.978091494
37079.100000000 -30.228883741 -99.555537219 0.516743332 0.066635861 -0.035150244 -0.193256184 0.978251606
37079.300000000 -30.637333932 -100.665973586 0.518445142 0.065729662 -0.035424156 -0.192287215 0.978493931
37079.500000000 -31.036653999 -101.763028288 0.521038010 0.064952574 -0.034787700 -0.191042348 0.978812425
37079.700000000 -31.436000593 -102.877089883 0.522048196 0.064459668 -0.035277362 -0.189341886 0.979157863
37079.900000000 -31.827293757 -103.991160929 0.536130558 0.064022313 -0.033880321 -0.187871602 0.979519028
37080.100000000 -32.210768477 -105.099306527 0.544549832 0.063442483 -0.034219425 -0.186188041 0.979866352
37080.300000000 -32.592975960 -106.213829564 0.543200766 0.062741385 -0.033581944 -0.184943935 0.980169120
37080.500000000 -32.968327319 -107.315453292 0.552225197 0.061927156 -0.032118936 -0.183624320 0.980517981
37080.700000000 -33.348449733 -108.417782831 0.550641195 0.061944141 -0.032415060 -0.181883294 0.980831628
37080.900000000 -33.719798841 -109.523301000 0.566585007 0.060924262 -0.031082750 -0.180785185 0.981141602
37081.100000000 -34.080739452 -110.603737864 0.577804445 0.059396286 -0.030918013 -0.179476766 0.981480654
37081.300000000 -34.435688196 -111.664753314 0.588597487 0.058230755 -0.031307526 -0.178263041 0.981759281
37081.500000000 -34.781344437 -112.707536337 0.603792903 0.057653478 -0.031275985 -0.176933691 0.982034812
37081.700000000 -35.126851633 -113.740460906 0.631470530 0.058396869 -0.031391348 -0.175102075 0.982315474
37081.900000000 -35.453932985 -114.749428753 0.658185746 0.058419859 -0.031652147 -0.173422886 0.982603545
37082.100000000 -35.761014003 -115.712755558 0.679489353 0.058865468 -0.031887556 -0.171659059 0.982879039
37082.300000000 -36.058237999 -116.646143755 0.702002807 0.058056685 -0.030913744 -0.170554004 0.983150609
37082.500000000 -36.336058699 -117.534673496 0.728067414 0.057510666 -0.030317332 -0.169494627 0.983384424
37082.700000000 -36.604185553 -118.402489875 0.740191073 0.056954550 -0.030034260 -0.168458218 0.983603568
37082.900000000 -36.868364980 -119.247858385 0.773964550 0.056875641 -0.029236009 -0.167793184 0.983745839
37083.100000000 -37.116422696 -120.035841299 0.793685716 0.056208205 -0.028654528 -0.167848770 0.983791826
37083.300000000 -37.357384304 -120.802612373 0.810985838 0.055479682 -0.028151682 -0.167823923 0.983851932
37083.500000000 -37.593498412 -121.542046814 0.834162209 0.054817589 -0.027650754 -0.167858501 0.983897337
