36880.021832000 0.000000000 0.000000000 0.000000000 0.000000000 0.000000000 0.000000000 1.000000000
36880.223552000 -0.012447998 -0.001696407 0.760255634 0.000997717 -0.000619568 0.000966546 0.999998843
36880.425272000 -0.017169399 0.000228568 1.582144537 0.002227569 -0.001127302 0.001476250 0.999995794
36880.626992000 -0.014702867 -0.012304100 2.456492960 0.003111107 -0.002587035 0.001276397 0.999990999
36880.828711000 -0.018491246 -0.028610351 3.403552907 0.003288835 -0.005661102 0.000432549 0.999978474
36881.030431000 -0.041296651 -0.033671408 4.385785301 0.003811063 -0.010301706 0.000333437 0.999939619
36881.232151000 -0.083268762 -0.046559717 5.437334192 0.003738159 -0.016524182 0.000261306 0.999856446
36881.433871000 -0.131458184 -0.053780909 6.574163117 0.003603199 -0.026127539 -0.000048005 0.999652125
36881.635591000 -0.238345080 -0.061889496 7.741539201 0.003443531 -0.038827092 0.001198563 0.999239304
36881.837311000 -0.382613629 -0.069470480 8.935660089 0.004539420 -0.052917112 0.002243278 0.998586080
36882.039030000 -0.563313977 -0.074216447 10.169355847 0.005049490 -0.067110400 0.003963864 0.997724908
36882.240750000 -0.779512012 -0.087652493 11.398830868 0.005676338 -0.081629979 0.004668776 0.996635623
36882.442470000 -1.029270180 -0.101449782 12.650094040 0.007164277 -0.096783498 0.005066746 0.995266830
36882.644190000 -1.313077534 -0.126939044 13.944871315 0.006030239 -0.112084627 0.004243748 0.993671411
36882.845910000 -1.655075940 -0.158817885 15.238561172 0.000849673 -0.127844655 0.004067068 0.991785618
36883.047629000 -2.053806333 -0.156964679 16.594301156 -0.001890333 -0.145466210 0.002484293 0.989358353
36883.249349000 -2.533034209 -0.141465682 18.016181714 -0.000193538 -0.163161529 0.002992377 0.986595046
36883.451069000 -3.074686683 -0.143211420 19.446586226 0.001794593 -0.182167359 0.003521008 0.983259853
36883.652789000 -3.664675934 -0.148980308 20.829219376 0.002672292 -0.201348493 0.003742860 0.979509085
36883.854509000 -4.317478108 -0.157226776 22.218446800 0.002377499 -0.221677964 0.003333512 0.975111177
36884.056229000 -5.059354993 -0.167718945 23.612916557 0.001362437 -0.242176610 0.003402459 0.970225227
36884.257948000 -5.874255287 -0.184334622 25.026817140 0.002265641 -0.262626193 0.002427896 0.964891945
36884.459668000 -6.790702960 -0.193832960 26.469525995 0.003372208 -0.283363865 0.001287653 0.959006058
36884.661388000 -7.787506124 -0.206216944 27.890413569 0.000859310 -0.304070174 -0.000060635 0.952649692
36884.863108000 -8.878169151 -0.212403935 29.325500140 -0.000191399 -0.323418743 -0.000382839 0.946256556
36885.064829000 -10.065873580 -0.215452723 30.746135739 -0.001630914 -0.341912389 0.000134740 0.939730662
36885.266549000 -11.335837327 -0.207811414 32.167385890 -0.003893668 -0.358098138 0.001482711 0.933675066
36885.468268000 -12.673593513 -0.198763763 33.590889963 -0.001785499 -0.371365224 0.003431438 0.928480490
36885.669988000 -14.058055164 -0.185325572 35.013447543 -0.000360490 -0.380960734 0.003679800 0.924584074
36885.871708000 -15.487791266 -0.185398457 36.434471806 -0.000816515 -0.387747962 0.002996523 0.921760316
36886.073428000 -16.953511281 -0.187803754 37.849187317 -0.002288561 -0.392198964 0.003182039 0.919873865
36886.275148000 -18.478964128 -0.185213619 39.284743973 -0.004643002 -0.395650650 0.004670349 0.918378580
36886.476868000 -20.018387493 -0.173937964 40.710673090 -0.007230126 -0.400324324 0.004983732 0.916332400
36886.678587000 -21.624072452 -0.149929643 42.156737662 -0.009122341 -0.404647792 0.007143607 0.914400535
36886.880307000 -23.237943594 -0.129966802 43.599058313 -0.009872137 -0.409875034 0.008410135 0.912050551
36887.082027000 -24.893110422 -0.100890737 45.035239979 -0.009061942 -0.415071090 0.010155425 0.909689500
36887.283747000 -26.575542225 -0.100519243 46.460728846 -0.007564295 -0.419793880 0.012443159 0.907503095
36887.485467000 -28.274979100 -0.073653197 47.873639782 -0.005666411 -0.424219281 0.013671763 0.905439931
36887.687187000 -29.990682195 -0.073099071 49.281068062 -0.006615275 -0.427567971 0.014983019 0.903836149
36887.888906000 -31.732674911 -0.065462558 50.693599398 -0.007279235 -0.429701384 0.015899826 0.902803407
36888.090626000 -33.481856382 -0.052731895 52.106812572 -0.006983051 -0.430345237 0.015684993 0.902501881
36888.292346000 -35.230482918 -0.049262269 53.527180090 -0.007383731 -0.430496372 0.015488685 0.902431464
36888.494066000 -37.002763432 -0.048683440 54.967590508 -0.008027307 -0.430500154 0.014434133 0.902439768
36888.695786000 -38.788950634 -0.045450034 56.416117310 -0.007996055 -0.430717196 0.013539067 0.902349960
36888.897506000 -40.583921340 -0.033087374 57.878842937 -0.007784232 -0.430813633 0.012539192 0.902321307
36889.099225000 -42.382057995 -0.036309158 59.348686195 -0.007232536 -0.431052512 0.012199384 0.902214794
36889.300945000 -44.211242804 -0.024129615 60.834569102 -0.006596695 -0.431227537 0.011440474 0.902146349
36889.502665000 -46.062591275 -0.003312443 62.341249488 -0.006120611 -0.431158049 0.009696977 0.902204231
36889.704385000 -47.943973964 -0.003728353 63.869414273 -0.005292150 -0.431591737 0.008160184 0.902017345
36889.906105000 -49.826822064 0.005150318 65.404489697 -0.006559019 -0.431877936 0.005541156 0.901891551
36890.107824000 -51.744417485 0.037267096 66.938204978 -0.004876093 -0.432041787 0.003232133 0.901834962
36890.309544000 -53.688463004 0.051924421 68.494687388 -0.005325114 -0.432427306 0.002093819 0.901651337
36890.511264000 -55.636184564 0.079559847 70.047081593 -0.005744097 -0.432834301 0.002865905 0.901452351
36890.712984000 -57.613209013 0.112728166 71.629420075 -0.006020189 -0.432875011 0.003413845 0.901427423
36890.914704000 -59.577167607 0.139189688 73.207282496 -0.006674230 -0.432424794 0.003843356 0.901638629
36891.116424000 -61.550360335 0.172024646 74.788545092 -0.006966148 -0.431947753 0.005357046 0.901856734
36891.318143000 -63.513091858 0.200934012 76.368042317 -0.007576165 -0.431736509 0.006631614 0.901945166
36891.519863000 -65.493153895 0.229766850 77.969623263 -0.007683049 -0.431442626 0.006864766 0.902082951
36891.721583000 -67.464103707 0.264008343 79.561020747 -0.007222104 -0.430772268 0.006441176 0.902409029
36891.923303000 -69.440022662 0.295644042 81.171909126 -0.007416156 -0.430103493 0.006555978 0.902726788
36892.125023000 -71.392036545 0.321875312 82.749173004 -0.007765024 -0.429319585 0.006843081 0.903093369
36892.326743000 -73.353277014 0.361452455 84.351947343 -0.007865053 -0.428844136 0.007331530 0.903315710
36892.528462000 -75.313750339 0.389406781 85.968834210 -0.008059315 -0.428380857 0.008683270 0.903521265
36892.730182000 -77.267125571 0.425059480 87.586259103 -0.007959603 -0.427846057 0.007630544 0.903784356
36892.931902000 -79.215795951 0.449595308 89.182491215 -0.007045049 -0.427621582 0.007678754 0.903898134
36893.133622000 -81.147966042 0.471273860 90.770757644 -0.007211099 -0.427267466 0.006469769 0.904074345
36893.335342000 -83.042522250 0.503617422 92.337144507 -0.007430837 -0.427091349 0.004641291 0.904167998
36893.537062000 -84.963822134 0.563538463 93.920321934 -0.007194295 -0.426905784 0.004277514 0.904258689
36893.738781000 -86.856630080 0.590495703 95.483968667 -0.007354275 -0.426911473 0.004033693 0.904255550
36893.940501000 -88.740727392 0.621568533 97.042703072 -0.007282765 -0.426895905 0.003520921 0.904266535
36894.142222000 -90.625283532 0.669345722 98.607228561 -0.006818176 -0.426693530 0.003669651 0.904365065
36894.343942000 -92.497072910 0.698492897 100.154552878 -0.007921509 -0.426684873 0.002904974 0.904360672
36894.545662000 -94.341228387 0.743855855 101.675102954 -0.008122064 -0.426716507 0.003165238 0.904343294
