36917.138284000 0.000000000 0.000000000 0.000000000 0.000000000 0.000000000 0.000000000 1.000000000
36917.340004000 -0.004234561 0.002492695 0.878522604 0.000007043 -0.000481906 0.000141298 0.999999874
36917.541724000 -0.004059447 0.002073376 1.795585877 -0.000365068 -0.000783025 0.000281238 0.999999587
36917.743444000 -0.004544717 0.002152861 2.763482645 -0.000708030 -0.000991921 0.000231912 0.999999231
36917.945163000 -0.003684989 0.004416574 3.780365660 -0.000562827 -0.001340988 0.000049791 0.999998941
36918.146883000 0.001158574 -0.000704653 4.798726382 -0.001131132 -0.002060070 -0.000527386 0.999997099
36918.348603000 -0.001117519 0.008564313 5.867083185 -0.001583703 -0.002628883 -0.001310738 0.999994431
36918.550323000 -0.014467840 0.008422349 6.995610002 -0.000543104 -0.003771623 -0.000756768 0.999992454
36918.752043000 -0.027543033 0.018515814 8.183426019 0.000692571 -0.004972812 -0.000672669 0.999987169
36918.953763000 -0.042130510 0.010807006 9.403168664 0.000164465 -0.006011485 -0.000591551 0.999981742
36919.155482000 -0.064164716 -0.002132149 10.685390539 -0.000407519 -0.006528277 -0.000448552 0.999978507
36919.357202000 -0.094828230 0.018158165 12.023712394 0.000500937 -0.007310224 -0.000548800 0.999973004
36919.558922000 -0.111082721 0.032038806 13.346898074 0.000569660 -0.008331337 -0.000833144 0.999964784
36919.760642000 -0.141749749 0.032409344 14.702082488 0.000495469 -0.009179112 -0.000812077 0.999957419
36919.962363000 -0.170580707 0.028480508 16.074337385 0.000430849 -0.010356181 -0.001193158 0.999945568
36920.164083000 -0.204508129 0.022147305 17.454511450 0.000115987 -0.011800829 -0.001300559 0.999929515
36920.365802000 -0.237249532 0.023706122 18.885896799 0.001328687 -0.013896988 -0.001328215 0.999901667
36920.567522000 -0.287012847 0.036301093 20.317906806 0.002402479 -0.016288598 -0.001097048 0.999863844
36920.769242000 -0.346405359 0.018583652 21.769461225 0.001299226 -0.019807955 -0.001157813 0.999802288
36920.970962000 -0.422107708 0.017918096 23.269777150 0.001341528 -0.024525922 -0.001044701 0.999697749
36921.172682000 -0.511578719 0.026210521 24.755860111 0.000365394 -0.029490742 -0.001151911 0.999564324
36921.374402000 -0.617881303 0.012063589 26.285731513 -0.000780444 -0.034403772 -0.001087234 0.999407115
36921.576121000 -0.735756472 0.022825961 27.866405470 0.000548190 -0.039236049 -0.001789379 0.999228213
36921.777841000 -0.873360716 0.025676001 29.442250199 0.000211267 -0.043723586 -0.001771851 0.999042074
36921.979561000 -1.022825434 0.040553270 31.042527078 0.000924475 -0.047534870 -0.002119571 0.998866903
36922.181281000 -1.171667421 0.034818016 32.640867517 -0.001762740 -0.050678228 -0.003113000 0.998708628
36922.383001000 -1.339362016 0.034729098 34.280020817 -0.001854677 -0.053024049 -0.003726490 0.998584562
36922.584721000 -1.514779427 0.044315154 35.945164030 0.000540326 -0.055067448 -0.003629957 0.998475903
36922.786440000 -1.707693007 0.063078709 37.626078687 0.003011928 -0.056344354 -0.003921097 0.998399140
36922.988160000 -1.897564523 0.070063694 39.317587644 0.005468596 -0.056691788 -0.003796840 0.998369508
36923.189880000 -2.083370631 0.047599675 41.002187032 0.004021277 -0.056706649 -0.004178656 0.998374045
36923.391600000 -2.267555463 0.052322253 42.715739213 -0.003325648 -0.055582553 -0.004870436 0.998436660
36923.593320000 -2.456884453 0.036242559 44.479451901 -0.000744241 -0.054468567 -0.006085909 0.998496661
36923.795040000 -2.658314710 0.061901117 46.254372899 0.002382323 -0.053924755 -0.006202171 0.998522892
36923.996760000 -2.834410468 0.064322739 48.016963192 -0.003980785 -0.051731150 -0.005661292 0.998637052
36924.198479000 -3.014864151 0.072375686 49.850285731 -0.003237373 -0.048192618 -0.006180307 0.998813690
36924.400199000 -3.167998823 0.097030513 51.718948471 -0.000124640 -0.044369560 -0.007101688 0.998989929
36924.601919000 -3.327729760 0.097310064 53.588849746 0.000195539 -0.039054709 -0.006367905 0.999216763
36924.803639000 -3.456570264 0.111549473 55.483986974 -0.003508307 -0.032226554 -0.005688786 0.999458239
36925.005359000 -3.559635620 0.119213996 57.416381491 -0.002639361 -0.026334421 -0.006006120 0.999631659
36925.207079000 -3.665162894 0.139204187 59.346505920 -0.004609947 -0.020638871 -0.004661795 0.999765500
36925.408798000 -3.772906079 0.167395665 61.343121816 -0.002279644 -0.017980163 -0.002870178 0.999831625
36925.610518000 -3.846812219 0.174309656 63.373586009 -0.002299169 -0.015941712 0.000089696 0.999870275
36925.812238000 -3.916558317 0.194437073 65.393893046 -0.004658872 -0.013619231 0.002446763 0.999893407
36926.013958000 -3.959441766 0.218743959 67.450086109 -0.004936104 -0.010622577 0.002375640 0.999928574
36926.215678000 -3.976311502 0.237762249 69.537787992 -0.004652512 -0.007951213 0.001144225 0.999956910
36926.417398000 -3.988761747 0.251734735 71.648750724 -0.004516397 -0.005408115 -0.000953416 0.999974722
36926.619117000 -3.993933033 0.303246611 73.771682608 -0.004465591 -0.003061229 -0.003682012 0.999978565
36926.820837000 -3.990792637 0.326140745 75.909999140 -0.004632891 -0.000408892 -0.006659929 0.999967007
36927.022557000 -3.967527541 0.347355301 78.102101669 -0.003607839 0.000949415 -0.009945206 0.999943586
36927.224277000 -3.961202398 0.359957371 80.290284823 -0.002906309 0.001169202 -0.010839456 0.999936345
36927.425997000 -3.956261318 0.361850099 82.496501368 -0.002306889 0.001354214 -0.012193251 0.999922081
36927.627717000 -3.945625708 0.359925834 84.716603448 -0.002900812 0.001955397 -0.013092691 0.999908167
36927.829436000 -3.924981102 0.398292937 86.951717754 -0.002346882 0.002858079 -0.014426860 0.999889088
36928.031156000 -3.904437202 0.391715263 89.193133461 -0.002301409 0.004134823 -0.014426696 0.999884731
36928.232876000 -3.879683877 0.432419994 91.460993558 -0.002791131 0.005224458 -0.013724752 0.999888266
36928.434596000 -3.854541696 0.454207659 93.736746324 -0.002454319 0.005800585 -0.013701700 0.999886290
36928.636316000 -3.824329537 0.467469353 96.021433897 -0.002647311 0.006127129 -0.013677617 0.999884179
36928.838036000 -3.779041951 0.506663206 98.333658737 -0.003545514 0.006160600 -0.013796235 0.999879564
36929.039756000 -3.777333557 0.526865807 100.576595206 -0.003819355 0.005048415 -0.013740430 0.999885556
36929.241476000 -3.739636292 0.568280361 102.842577223 -0.003249940 0.004970500 -0.014348424 0.999879419
36929.443196000 -3.716385358 0.600486556 105.076352618 -0.002793762 0.005013910 -0.014845444 0.999873325
36929.644916000 -3.690997682 0.616701773 107.317416873 -0.002786684 0.004806367 -0.014988897 0.999872225
36929.846636000 -3.670090967 0.624273976 109.521306927 -0.003531552 0.005082061 -0.015030056 0.999867891
36930.048356000 -3.650151549 0.640064865 111.714900535 -0.003916818 0.005188273 -0.015093340 0.999864955
36930.250075000 -3.624358110 0.672489936 113.886648036 -0.004216584 0.005243504 -0.015365210 0.999859306
36930.451795000 -3.596041115 0.712570249 116.063641870 -0.004059859 0.005374373 -0.015876013 0.999851282
36930.653515000 -3.561556604 0.741931041 118.212728575 -0.004058713 0.005563878 -0.016430554 0.999841290
36930.855235000 -3.542891235 0.770304516 120.356338420 -0.004850740 0.005026501 -0.016878780 0.999833143
36931.056955000 -3.517132086 0.803860492 122.521050481 -0.004180685 0.005022623 -0.017271683 0.999829478
36931.258675000 -3.488786148 0.835216738 124.657380107 -0.005057347 0.005016726 -0.017763930 0.999816833
36931.460395000 -3.459315099 0.863258603 126.805743726 -0.004817057 0.005111115 -0.018341933 0.999807106
36931.662114000 -3.427602160 0.901550931 128.990689755 -0.004602662 0.005619709 -0.018886150 0.999795254
36931.863834000 -3.393939162 0.921277918 131.159691376 -0.006241825 0.006374015 -0.019213070 0.999775607
36932.065554000 -3.364813206 0.957351422 133.393401220 -0.006506423 0.006701717 -0.019420156 0.999767779
36932.267274000 -3.330357505 0.975187232 135.655378936 -0.006532802 0.007405162 -0.019259732 0.999765746
36932.468994000 -3.291272265 1.013720522 137.936428152 -0.006669927 0.007938602 -0.019839179 0.999749418
36932.670714000 -3.247883482 1.052167205 140.243340944 -0.005687659 0.008352284 -0.020311276 0.999742638
36932.872433000 -3.202006131 1.113053306 142.562540990 -0.006719860 0.008924755 -0.021695792 0.999702199
36933.074153000 -3.150135503 1.150968965 144.877780622 -0.007909392 0.009725920 -0.022839644 0.999660545
36933.275873000 -3.096962859 1.199674412 147.233264064 -0.007838170 0.010718184 -0.023183106 0.999643048
36933.477593000 -3.034252172 1.242689037 149.600107073 -0.008307831 0.012890409 -0.023192244 0.999613396
36933.679313000 -2.945679518 1.278329088 151.968586897 -0.009079391 0.015630666 -0.024320324 0.999540778
36933.881033000 -2.849745912 1.303911699 154.394733414 -0.008037283 0.018002542 -0.025951023 0.999468788
36934.082752000 -2.750525322 1.337348757 156.823668369 -0.007356790 0.019854176 -0.026716894 0.999418781
36934.284472000 -2.644093055 1.378606910 159.259910638 -0.010538649 0.021211506 -0.027129149 0.999351301
36934.486192000 -2.526303023 1.402800970 161.772150778 -0.011303842 0.021930695 -0.027492595 0.999317481
36934.687912000 -2.405534596 1.446393041 164.322696786 -0.011254560 0.022365706 -0.027775332 0.999300581
36934.889632000 -2.287926843 1.498109972 166.952102646 -0.011913882 0.022688638 -0.028380170 0.999268647
36935.091352000 -2.159809157 1.555792583 169.639466064 -0.009801691 0.023185914 -0.027072763 0.999316470
36935.293071000 -2.028077412 1.599765030 172.361523821 -0.008909555 0.023903651 -0.027131093 0.999306325
36935.494791000 -1.896471199 1.645680945 175.103343634 -0.009630826 0.024547940 -0.026138387 0.999310478
36935.696511000 -1.749934527 1.684393491 177.858578027 -0.008964383 0.025785726 -0.024898611 0.999317162
36935.898231000 -1.583312880 1.741103865 180.646651382 -0.009159997 0.027941463 -0.026107737 0.999226571
36936.099951000 -1.399905943 1.782101448 183.443776641 -0.008549432 0.030187838 -0.028173896 0.999110513
36936.301671000 -1.221367189 1.838924141 186.243677509 -0.008299515 0.032860092 -0.029084284 0.999002215
36936.503390000 -1.035600593 1.890612746 189.018471443 -0.007501918 0.035605751 -0.025711079 0.999006954
36936.705110000 -0.827152470 1.954269768 191.798210106 -0.007633619 0.038812494 -0.024069654 0.998927412
36936.906830000 -0.590928550 2.002728163 194.594223366 -0.007191829 0.041519217 -0.025118868 0.998796020
36937.108550000 -0.342699221 2.049627363 197.360260558 -0.007107856 0.043797138 -0.025741990 0.998683435
36937.310270000 -0.090888912 2.098702883 200.149210025 -0.007322743 0.045160801 -0.025375824 0.998630529
36937.511990000 0.166579305 2.149417467 202.955542756 -0.007413071 0.046082634 -0.024529481 0.998608887
36937.713710000 0.429348941 2.190449861 205.746667886 -0.008180957 0.046558164 -0.023721568 0.998600361
36937.915429000 0.720489647 2.235616986 208.555098305 -0.008927626 0.046716847 -0.025591206 0.998540403
36938.117149000 1.024350116 2.283068797 211.373296328 -0.007841900 0.046318024 -0.030577048 0.998427845
36938.318869000 1.299409870 2.317855758 214.181910064 -0.008714235 0.045201951 -0.033187924 0.998388397
36938.520589000 1.575004670 2.366748626 216.967333288 -0.010092782 0.042223773 -0.035633784 0.998421511
36938.722309000 1.822213004 2.456913763 219.772663054 -0.009376251 0.038276780 -0.037979424 0.998501149
36938.924029000 2.026314514 2.481657406 222.590121285 -0.006138273 0.033919413 -0.034001331 0.998827165
36939.125748000 2.193014572 2.519090721 225.389685924 -0.008521828 0.030301817 -0.028902247 0.999086507
36939.327468000 2.357909917 2.594680481 228.188455934 -0.008910850 0.027616230 -0.029886850 0.999131981
36939.529188000 2.512251066 2.653137182 230.959371817 -0.007678109 0.025180866 -0.030310254 0.999193812
36939.730908000 2.640080199 2.713706212 233.707093313 -0.005825030 0.023101817 -0.026699273 0.999359556
36939.932628000 2.750640811 2.749609006 236.422947402 -0.005678260 0.020716719 -0.024415211 0.999471095
36940.134349000 2.867391043 2.793940111 239.084764274 -0.006040388 0.018641532 -0.025558992 0.999481233
36940.336068000 2.964747760 2.851446863 241.713748611 -0.008435016 0.016778332 -0.027167998 0.999454472
36940.537788000 3.057993847 2.921638387 244.331206045 -0.010197882 0.014603008 -0.027658071 0.999458744
36940.739508000 3.136109804 2.984200080 246.896689727 -0.011457139 0.012731715 -0.028467123 0.999447979
36940.941228000 3.207567049 3.063790880 249.485308605 -0.011398799 0.010656635 -0.030875633 0.999401416
36941.142948000 3.264445885 3.145105292 252.064549568 -0.011234786 0.008681420 -0.031767941 0.999394417
36941.344668000 3.308021577 3.215658146 254.633637801 -0.012274252 0.006723918 -0.031885664 0.999393534
36941.546387000 3.332497335 3.286339853 257.170196579 -0.014686351 0.004625145 -0.032104519 0.999365900
36941.748107000 3.351178309 3.374115271 259.736318494 -0.010278283 0.002055276 -0.031184163 0.999458691
36941.949827000 3.364316904 3.435404365 262.299745910 -0.008694171 -0.000158245 -0.030599200 0.999493903
36942.151547000 3.356652273 3.479975532 264.826770985 -0.010661777 -0.002354683 -0.030403986 0.999478055
36942.353267000 3.337078868 3.542957996 267.354631958 -0.012399697 -0.004699398 -0.029875247 0.999465675
36942.554987000 3.307312237 3.626397975 269.886463568 -0.013564359 -0.007939183 -0.029766610 0.999433296
36942.756707000 3.265103799 3.707855034 272.386074751 -0.014315102 -0.011032072 -0.030048803 0.999385036
36942.958426000 3.205825802 3.799429721 274.905607105 -0.014630490 -0.014146464 -0.029460747 0.999358745
36943.160146000 3.127776201 3.890040457 277.406091346 -0.014557101 -0.017084855 -0.028632376 0.999337973
36943.361866000 3.035381823 3.979200918 279.890557571 -0.015254123 -0.019756072 -0.027473767 0.999310860
36943.563586000 2.935147547 4.072570492 282.389351330 -0.016004672 -0.022363289 -0.027151042 0.999252991
36943.765306000 2.825580761 4.165919534 284.885335208 -0.013682748 -0.024954160 -0.027720954 0.999210490
36943.967026000 2.698724929 4.242301669 287.368077105 -0.013512410 -0.027405537 -0.028278792 0.999132952
36944.168745000 2.569653072 4.332787144 289.860676986 -0.013235675 -0.029602144 -0.028776099 0.999059794
36944.370465000 2.417270736 4.407831065 292.343929571 -0.013353250 -0.031950053 -0.027806550 0.999013353
36944.572185000 2.258686843 4.485432412 294.852622305 -0.011998003 -0.034475754 -0.027969338 0.998942033
36944.773905000 2.097409742 4.570765361 297.350139414 -0.012118064 -0.036932094 -0.029001676 0.998823327
36944.975625000 1.912362261 4.641335141 299.861913697 -0.013982909 -0.039519657 -0.029145287 0.998695771
36945.177345000 1.707611333 4.736976179 302.375446724 -0.014953939 -0.042146069 -0.029124816 0.998574883
36945.379064000 1.487244674 4.826562466 304.893570022 -0.017957861 -0.044944041 -0.028854982 0.998411185
36945.580784000 1.264548654 4.932790031 307.425341083 -0.018187696 -0.047817571 -0.029367782 0.998258593
36945.782504000 1.019155759 5.040952641 309.942798824 -0.019231088 -0.050831944 -0.029352584 0.998090503
36945.984224000 0.760000883 5.147632188 312.471499560 -0.017985589 -0.054048955 -0.029082240 0.997952609
36946.185944000 0.470875956 5.254001528 314.991068425 -0.018224595 -0.057094897 -0.028305218 0.997801019
36946.387664000 0.179838785 5.378144402 317.512817393 -0.015411319 -0.060128702 -0.027823064 0.997683735
36946.589383000 -0.123487429 5.466733841 320.038081176 -0.015285178 -0.062666808 -0.028482848 0.997510860
36946.791103000 -0.432026993 5.565422463 322.550879692 -0.013900878 -0.065139825 -0.028630709 0.997368427
36946.992823000 -0.765169018 5.649662781 325.057144159 -0.011624484 -0.066971442 -0.027911239 0.997296680
36947.194543000 -1.100264894 5.727951326 327.603135924 -0.009408206 -0.067966879 -0.028021784 0.997249579
36947.396263000 -1.428248921 5.805493574 330.128033761 -0.008161050 -0.068402403 -0.028336529 0.997221875
36947.597983000 -1.755998685 5.867911823 332.647953825 -0.007183251 -0.068288586 -0.029337449 0.997208302
36947.799703000 -2.077870882 5.925266490 335.154127489 -0.005275194 -0.068668924 -0.033157185 0.997074391
36948.001422000 -2.421415668 5.963016134 337.678221436 -0.001939161 -0.069313989 -0.038461235 0.996851317
36948.203142000 -2.771976812 5.994500965 340.210465953 -0.002401457 -0.070647825 -0.040980298 0.996656267
36948.404862000 -3.129489201 6.030192633 342.774055969 0.000057443 -0.072108103 -0.043465875 0.996449287
36948.606582000 -3.492378533 6.058573188 345.338445586 0.002565281 -0.074063300 -0.046118395 0.996183254
36948.808302000 -3.894520004 6.063755969 347.940292991 0.004370163 -0.075500261 -0.047825664 0.995988581
36949.010022000 -4.287846494 6.089318890 350.536439696 0.005499515 -0.077212860 -0.048124883 0.995837275
36949.211741000 -4.689078211 6.069256198 353.136383581 0.006136231 -0.078280519 -0.047162947 0.995796224
36949.413461000 -5.083749562 6.072870277 355.705594943 0.007218796 -0.078932251 -0.049329186 0.995632537
36949.615181000 -5.490169504 6.041875400 358.259883829 0.009318640 -0.079150653 -0.050383800 0.995544975
36949.816901000 -5.885145392 6.039671894 360.807509037 0.009700532 -0.079231656 -0.050331110 0.995537530
36950.018621000 -6.280340644 6.039224980 363.373096538 0.008767488 -0.079219430 -0.050960833 0.995515101
36950.220341000 -6.669272850 6.043815601 365.924112580 0.009942774 -0.079889159 -0.053479981 0.995318429
36950.422060000 -7.080486917 6.015501396 368.457786132 0.008023507 -0.079229889 -0.053157482 0.995405682
36950.623780000 -7.464553598 5.978642409 371.003676460 0.008585438 -0.078703050 -0.053261447 0.995437221
36950.825500000 -7.851545623 5.964102733 373.607348376 0.008849599 -0.078400256 -0.054215048 0.995407346
36951.027220000 -8.227372728 5.963116037 376.052829820 0.007624164 -0.077053315 -0.055300722 0.995462907
36951.228940000 -8.603230101 5.976165134 378.552365739 0.007580863 -0.075795690 -0.058291575 0.995389203
36951.430660000 -8.971871066 5.989988188 381.085354928 0.008359623 -0.074674994 -0.060860427 0.995313908
36951.632380000 -9.340418014 5.993755176 383.609847014 0.008596204 -0.073044831 -0.061737131 0.995378880
36951.834099000 -9.704192437 6.013469998 386.104942246 0.009081339 -0.071706217 -0.062238493 0.995440668
36952.035819000 -10.065224103 6.005993936 388.688043629 0.009812236 -0.069982345 -0.063747197 0.995460938
36952.237539000 -10.419611788 5.968120346 391.319227759 0.009802156 -0.067806008 -0.066072630 0.995460042
36952.439259000 -10.742485661 5.970140097 393.836523256 0.009261597 -0.065131768 -0.066336927 0.995626147
36952.640979000 -11.076396067 5.953952994 396.524732272 0.008891711 -0.061751392 -0.064325518 0.995976854
36952.842699000 -11.373790635 5.952633386 399.099257766 0.006975789 -0.057788881 -0.066531797 0.996084980
36953.044419000 -11.640666411 5.935233191 401.628541195 0.007137968 -0.053389722 -0.067851050 0.996240354
36953.246138000 -11.886378028 5.931739617 404.147282756 0.007764852 -0.049169899 -0.067554996 0.996472953
36953.447858000 -12.119373179 5.903564128 406.685921897 0.008938656 -0.045499019 -0.064476577 0.996841385
36953.649578000 -12.334520768 5.879553243 409.213802782 0.007868371 -0.041482181 -0.062951877 0.997123036
36953.851298000 -12.522165854 5.867684876 411.765543460 0.007192317 -0.036820334 -0.063185963 0.997296353
36954.053018000 -12.714198355 5.866872367 414.735068866 0.004711700 -0.032169656 -0.064243829 0.997404422
36954.254738000 -12.851709232 5.858889443 417.297586675 0.003975820 -0.028012059 -0.064758431 0.997499795
36954.456458000 -12.983836286 5.848303163 420.154147934 0.001728803 -0.023250597 -0.066599467 0.997507337
36954.658177000 -13.085236551 5.871030320 423.009002002 0.000804931 -0.019077540 -0.068479719 0.997469760
36954.859897000 -13.171215273 5.890575501 425.791742229 0.000795919 -0.015517323 -0.067535879 0.997595871
36955.061617000 -13.247494000 5.902679034 428.688692318 0.001494671 -0.012193220 -0.063809024 0.997886530
36955.263337000 -13.289616722 5.918180321 431.407070701 0.000165660 -0.008773671 -0.065299064 0.997827163
36955.465057000 -13.269249075 5.889708272 431.407354877 -0.001248765 -0.009069198 -0.065374905 0.997818782
36955.666777000 -13.246456738 5.887099401 431.408470596 0.001437348 -0.009364095 -0.066793123 0.997721893
36955.868497000 -13.219370502 5.878454671 431.219997066 -0.000658546 -0.009808950 -0.066618065 0.997730134
36956.070216000 -13.212539268 5.880857557 431.677900011 -0.000604101 -0.009612785 -0.066636837 0.997730808
36956.271936000 -13.162280793 5.874452860 430.252879331 0.001524953 -0.012134050 -0.066699546 0.997698135
36956.473656000 -13.167333970 5.877014114 430.821447137 0.000800704 -0.012342349 -0.066406866 0.997715965
36956.675376000 -13.121761643 5.853494340 429.305886238 0.001953691 -0.015287955 -0.067102259 0.997627052
36956.877096000 -13.139262573 5.846617868 429.980394503 0.000368129 -0.015241247 -0.066699069 0.997656639
36957.078816000 -13.106341393 5.843940919 428.495792382 -0.000285545 -0.017719540 -0.066436001 0.997633318
36957.280536000 -13.135570127 5.851618750 429.156556622 0.000082855 -0.017369904 -0.066424634 0.997640229
36957.482255000 -13.088884039 5.862312524 427.672047308 0.000803555 -0.019822990 -0.067001574 0.997555605
36957.683975000 -13.104892278 5.842858181 428.159919015 0.001004816 -0.019686986 -0.069402977 0.997393902
36957.885695000 -13.061876200 5.832845705 426.883100137 0.001088537 -0.022085297 -0.070882341 0.997239540
36958.087313000 -13.043195008 5.831713915 425.329863532 0.001281331 -0.024040446 -0.068232186 0.997378976
36958.289033000 -13.093810585 5.842029858 425.912357743 0.001373857 -0.023163300 -0.066891764 0.997490389
