37089.339359000 -2.107350801 -6.680909417 3.760791341 -0.021628954 -0.029809113 -0.005225557 0.999307910
37089.541079000 -2.073536634 -7.408989588 3.749402017 -0.022267848 -0.029628641 -0.005385987 0.999298393
37089.742799000 -2.044387163 -8.201928558 3.744310838 -0.022289590 -0.029541460 -0.005723666 0.999298612
37089.944518000 -2.007355175 -9.069357091 3.737747061 -0.022688270 -0.029377693 -0.005558874 0.999295398
37090.146238000 -1.964304667 -10.017280479 3.740587035 -0.022791443 -0.029213234 -0.005154705 0.999300038
37090.347958000 -1.931224382 -11.019001040 3.723900316 -0.022647959 -0.029459613 -0.004738031 0.999298130
37090.549678000 -1.889063969 -12.099339097 3.714616577 -0.022760089 -0.029787948 -0.004502551 0.999286938
37090.751398000 -1.830588005 -13.262216104 3.706988954 -0.022204587 -0.029917422 -0.003862795 0.999298245
37090.953118000 -1.784446043 -14.460307139 3.691435559 -0.021506579 -0.030484629 -0.002977715 0.999299398
37091.154837000 -1.729001469 -15.703660496 3.681686318 -0.021152142 -0.030902082 -0.001995407 0.999296586
37091.356557000 -1.674712446 -16.976858795 3.671777420 -0.020771249 -0.030914887 -0.001059006 0.999305611
37091.558277000 -1.605451951 -18.278243752 3.670841949 -0.020805204 -0.030843331 -0.000735999 0.999307406
37091.759997000 -1.551595174 -19.590334771 3.665259090 -0.020466656 -0.030917416 -0.000187050 0.999312361
37091.961718000 -1.483197623 -20.902393956 3.654910369 -0.020186105 -0.030750022 0.000482192 0.999323133
37092.163438000 -1.415696830 -22.231012562 3.640787445 -0.020154172 -0.030793228 0.000943402 0.999322118
37092.365157000 -1.343672251 -23.547072937 3.614686576 -0.020530780 -0.030775796 0.000860564 0.999315064
37092.566877000 -1.278814539 -24.862378929 3.595132792 -0.020753863 -0.031175753 0.000844209 0.999298072
37092.768597000 -1.215798332 -26.163494964 3.577312485 -0.020991551 -0.031204888 0.000817611 0.999292220
37092.970317000 -1.152726449 -27.485937672 3.561521706 -0.021085609 -0.030928629 0.001007843 0.999298655
37093.172037000 -1.086725688 -28.813881475 3.565094981 -0.021275807 -0.030423123 0.001144661 0.999309994
37093.373757000 -1.017094530 -30.120895634 3.556481262 -0.020880785 -0.029748978 0.001428016 0.999338257
37093.575476000 -0.947430178 -31.428629508 3.559530480 -0.019866284 -0.027773099 0.001692744 0.999415389
37093.777196000 -0.880093376 -32.733472114 3.551506668 -0.020072213 -0.026759153 0.002057769 0.999438252
37093.978916000 -0.808774515 -34.011253633 3.540502703 -0.020915607 -0.026044466 0.002235574 0.999439456
37094.180636000 -0.738990256 -35.284466403 3.534465440 -0.021055366 -0.025221421 0.002473653 0.999457069
37094.382356000 -0.665759974 -36.538502035 3.532057456 -0.020804131 -0.024152155 0.002559375 0.999488525
37094.584076000 -0.593126534 -37.770747172 3.528244211 -0.020795689 -0.022746019 0.003080260 0.999520220
37094.785795000 -0.515520381 -39.000419179 3.521133979 -0.021319587 -0.021545291 0.003435790 0.999534627
37094.987515000 -0.441431876 -40.189673842 3.513328681 -0.021686730 -0.020510234 0.003641409 0.999547776
37095.189235000 -0.371472959 -41.345184009 3.511219878 -0.021679427 -0.018822156 0.003385217 0.999582047
37095.390955000 -0.317842420 -42.461948514 3.515687274 -0.022115318 -0.017323899 -0.000271209 0.999605283
37095.592675000 -0.281994606 -43.560361261 3.504512720 -0.021360383 -0.014510779 -0.008415569 0.999631107
37095.794395000 -0.291214115 -44.622721244 3.490584269 -0.018999511 -0.010991128 -0.022270146 0.999511008
37095.996114000 -0.334273062 -45.645380591 3.478453683 -0.016883640 -0.007421986 -0.042720664 0.998916814
37096.197834000 -0.431205662 -46.614208090 3.460009033 -0.015244916 -0.003250598 -0.068856788 0.997504771
37096.399554000 -0.585263068 -47.553741163 3.434182868 -0.012632614 0.000512211 -0.099682246 0.994938996
37096.601274000 -0.792145494 -48.434747005 3.418096957 -0.009080206 0.002433089 -0.136542574 0.990589600
37096.802994000 -1.053021303 -49.295923292 3.384872354 -0.005350489 0.006000586 -0.177634061 0.984063767
37097.004714000 -1.423200700 -50.079396264 3.342009551 -0.001604806 0.007797203 -0.220470759 0.975361096
37097.206433000 -1.844345595 -50.817388213 3.292276155 0.002702443 0.010265788 -0.264348638 0.964368768
37097.408153000 -2.345386923 -51.492798652 3.240946947 0.007557375 0.011755665 -0.307081823 0.951580493
37097.609873000 -2.872215318 -52.119132128 3.187187850 0.013109608 0.013999907 -0.348524082 0.937103513
37097.811593000 -3.453818717 -52.660947022 3.121974095 0.017341986 0.014549248 -0.388800254 0.921043835
37098.013314000 -4.056312885 -53.188387718 3.063510747 0.020422316 0.015023789 -0.429204325 0.902851456
37098.215034000 -4.737719136 -53.641139980 2.986810722 0.022576859 0.016494893 -0.467264451 0.883675626
37098.416753000 -5.505093719 -54.022367232 2.916934385 0.023318625 0.017314093 -0.501232076 0.864825705
37098.618473000 -6.321594977 -54.364647568 2.832099019 0.022492191 0.015443067 -0.526654373 0.849641411
37098.820193000 -7.153083696 -54.717385128 2.744693504 0.022670578 0.014211993 -0.543106521 0.839236560
37099.021913000 -7.980209837 -55.067166298 2.678851779 0.023199452 0.013347893 -0.550537040 0.834382547
37099.223633000 -8.803592777 -55.416032527 2.601605040 0.022186056 0.012068048 -0.549563445 0.835070136
37099.425353000 -9.624619751 -55.793653296 2.527189626 0.020767138 0.010250477 -0.541091014 0.840644538
37099.627072000 -10.400924025 -56.241826296 2.472680142 0.018728012 0.009358616 -0.525679895 0.850425290
37099.828792000 -11.155945207 -56.728089195 2.408710715 0.016185193 0.008283020 -0.504409477 0.863272887
37100.030512000 -11.889123219 -57.269401631 2.355309673 0.013246090 0.006947743 -0.479354380 0.877494347
37100.232232000 -12.581782078 -57.860394876 2.301505921 0.009708563 0.005258372 -0.449648812 0.893136839
37100.433952000 -13.249679779 -58.521522737 2.233774254 0.005872051 0.002733223 -0.416363745 0.909174877
37100.635672000 -13.849284723 -59.237999997 2.203743921 0.002058791 0.001359499 -0.380773859 0.924664785
37100.837391000 -14.403453928 -60.001318494 2.156678316 -0.001952408 -0.000784169 -0.343505787 0.939148231
37101.039111000 -14.909698876 -60.811069192 2.101858546 -0.006164443 -0.004721734 -0.305092880 0.952290934
37101.240831000 -15.333318326 -61.688077828 2.077947232 -0.009986477 -0.006539167 -0.265693992 0.963983493
37101.442551000 -15.703735037 -62.608607599 2.044237167 -0.013642584 -0.008963002 -0.225687383 0.974063003
37101.644271000 -15.993734469 -63.549395199 2.026459737 -0.017063075 -0.010572926 -0.186272523 0.982293034
37101.845990000 -16.223263364 -64.530421687 1.999633917 -0.020942716 -0.013096233 -0.148161738 0.988654634
37102.047710000 -16.381777463 -65.550894936 1.990497336 -0.024666763 -0.015286259 -0.112040431 0.993279831
37102.249430000 -16.476699369 -66.590799076 1.991918695 -0.028950425 -0.018274693 -0.076831482 0.996456137
37102.451150000 -16.487221413 -67.653260325 1.991601065 -0.033610501 -0.021544437 -0.041360440 0.998346376
37102.652870000 -16.421859956 -68.732628652 2.012959964 -0.037823451 -0.022135655 -0.007055949 0.999014321
37102.854590000 -16.302778992 -69.840022162 2.049455656 -0.041367588 -0.021531727 0.022680742 0.998654440
37103.056309000 -16.126080777 -70.957702782 2.092211266 -0.044460149 -0.018852319 0.046009121 0.997773043
37103.258029000 -15.909276384 -72.075313355 2.126478473 -0.046833503 -0.017642377 0.063840934 0.996704422
37103.459749000 -15.670933526 -73.204962614 2.165837898 -0.048779062 -0.015656861 0.075371179 0.995838667
37103.661469000 -15.416271923 -74.340510263 2.215404130 -0.051134509 -0.013879761 0.081624749 0.995253744
37103.863189000 -15.151824642 -75.462051191 2.253363612 -0.052946115 -0.011927085 0.083718193 0.995010411
37104.064909000 -14.908641467 -76.613209282 2.323843955 -0.052913225 -0.010804659 0.082809688 0.995101003
37104.266628000 -14.653358799 -77.757835824 2.382724752 -0.053039162 -0.008233793 0.081109592 0.995258904
37104.468348000 -14.415827247 -78.931775134 2.473430605 -0.052864213 -0.005491647 0.079457743 0.995420355
37104.670068000 -14.193612795 -80.087623764 2.534193741 -0.052388406 -0.004864999 0.076371632 0.995690293
37104.871788000 -13.961396365 -81.259156909 2.590681197 -0.052848113 -0.004135059 0.071877572 0.996003811
37105.073508000 -13.758592927 -82.433574675 2.666667195 -0.053368448 -0.005244201 0.066855663 0.996320544
37105.275228000 -13.544888325 -83.634605055 2.726551766 -0.052874725 -0.002849362 0.061451002 0.996704529
37105.476947000 -13.357163626 -84.837422270 2.786693099 -0.052202166 -0.004065210 0.056046159 0.997054279
37105.678667000 -13.170865254 -86.053223839 2.844000096 -0.052191860 -0.003420934 0.050543599 0.997351318
37105.880387000 -12.996433085 -87.297192122 2.919185002 -0.051749640 -0.002545864 0.045964144 0.997598512
37106.082108000 -12.821617052 -88.554356828 2.992520375 -0.052607684 -0.001751723 0.042000820 0.997730071
37106.283828000 -12.666819741 -89.822157631 3.042839057 -0.054212692 -0.001717576 0.038128762 0.997799695
37106.485548000 -12.516381296 -91.103814773 3.115911432 -0.053773882 -0.003632586 0.035680658 0.997908846
37106.687267000 -12.371616187 -92.390296130 3.188598301 -0.053698539 -0.005786276 0.034962583 0.997928156
37106.888987000 -12.218713700 -93.704668402 3.261035353 -0.053122562 -0.009115274 0.035464506 0.997916416
37107.090707000 -12.065088122 -95.032502189 3.334439191 -0.051505795 -0.015471881 0.038541317 0.997808770
37107.292427000 -11.902708376 -96.344700670 3.394717395 -0.050081159 -0.022471635 0.043747560 0.997533485
37107.494147000 -11.722593945 -97.643037851 3.468987843 -0.049569001 -0.027733674 0.051694043 0.997046380
37107.695867000 -11.512446676 -98.919790818 3.540762738 -0.049269378 -0.032173765 0.062854119 0.996286474
37107.897586000 -11.271900590 -100.160945996 3.616189262 -0.049054271 -0.035990525 0.075227839 0.995308562
37108.099306000 -10.994184758 -101.402859824 3.696414282 -0.050141881 -0.038370880 0.088523496 0.994070952
37108.301026000 -10.685633555 -102.614847844 3.766693576 -0.051180586 -0.041777980 0.101563960 0.992632817
37108.502746000 -10.342036111 -103.824647589 3.853735301 -0.052966242 -0.042860240 0.114739005 0.991056275
37108.704466000 -9.972338437 -105.013261184 3.943020043 -0.054434818 -0.045099613 0.127326160 0.989338630
37108.906186000 -9.573885870 -106.201042315 4.036865181 -0.056466735 -0.045599064 0.139142787 0.987608991
37109.107905000 -9.144149640 -107.390808500 4.130253803 -0.058377762 -0.045760478 0.150735358 0.985787437
37109.309625000 -8.682468985 -108.582930945 4.243327394 -0.059514920 -0.045576326 0.161009986 0.984101902
37109.511345000 -8.184402496 -109.781461227 4.342760045 -0.059521115 -0.045839723 0.169906095 0.982592423
37109.713065000 -7.684480180 -110.970696273 4.448781063 -0.059588031 -0.046458992 0.177334700 0.981245762
37109.914785000 -7.151286139 -112.146814015 4.553831523 -0.059478588 -0.046122046 0.183150137 0.980199512
37110.116505000 -6.607793780 -113.339618146 4.671036719 -0.060092775 -0.046201767 0.187712299 0.979294813
37110.318224000 -6.041044719 -114.537191793 4.780813470 -0.061298360 -0.045614291 0.190912184 0.978628831
37110.519944000 -5.472655463 -115.730661392 4.903938976 -0.062338857 -0.045097381 0.193323532 0.978113537
37110.721664000 -4.903955645 -116.914042343 5.018206167 -0.062679583 -0.044948865 0.194765824 0.977812423
37110.923384000 -4.318973297 -118.125609030 5.137635389 -0.062881202 -0.044243276 0.196027671 0.977579481
37111.125104000 -3.728788751 -119.331196123 5.257946936 -0.063138240 -0.042797737 0.195209133 0.977791034
37111.326824000 -3.137886584 -120.565334792 5.386256899 -0.063549709 -0.040684577 0.192641877 0.978363579
37111.528543000 -2.544324478 -121.816956246 5.514366047 -0.063371566 -0.039766203 0.189473603 0.979031380
37111.730263000 -1.967334101 -123.086399725 5.635318518 -0.063823662 -0.039129274 0.185226205 0.979840136
37111.931983000 -1.429134762 -124.345550693 5.762331824 -0.064880341 -0.039183771 0.180842218 0.980587209
37112.133703000 -0.898238430 -125.591164735 5.882942021 -0.065978882 -0.038636346 0.176417756 0.981341323
37112.335423000 -0.374850027 -126.880578333 6.016150937 -0.066908603 -0.037251459 0.172403989 0.982045032
37112.537143000 0.162441949 -128.176554101 6.161344843 -0.066571036 -0.033760470 0.167933717 0.982968361
37112.738862000 0.686394276 -129.484285271 6.304129690 -0.065291373 -0.030585664 0.163977571 0.983825655
37112.940582000 1.184840094 -130.774671184 6.417896367 -0.064755754 -0.028553419 0.159396925 0.984674569
37113.142302000 1.691433605 -132.055196887 6.530288318 -0.065958662 -0.025453513 0.154950069 0.985389289
37113.344022000 2.172969423 -133.352934331 6.650258984 -0.065742835 -0.022696509 0.151735942 0.985971070
37113.545742000 2.634057696 -134.610590656 6.767279354 -0.066529861 -0.020159055 0.148036266 0.986535686
37113.747462000 3.089792948 -135.855550829 6.898714865 -0.068290253 -0.019106423 0.144673212 0.986935182
37113.949181000 3.525684346 -137.116984959 7.019401761 -0.068810578 -0.017974291 0.140859482 0.987471839
37114.150902000 3.938593137 -138.372192136 7.148238176 -0.068734829 -0.017320109 0.138050351 0.987885434
37114.352622000 4.374664652 -139.603532513 7.269428849 -0.068909948 -0.014500362 0.135398971 0.988285527
37114.554342000 4.750744089 -140.846513393 7.385279701 -0.069652090 -0.014918727 0.133973334 0.988421551
37114.756062000 5.156431744 -142.078966542 7.492439132 -0.069877245 -0.014639689 0.131555931 0.988734485
37114.957782000 5.556684720 -143.320468640 7.630753061 -0.067823608 -0.014564488 0.130926645 0.988962105
37115.159501000 5.943841678 -144.552174343 7.734292895 -0.066121982 -0.015020332 0.130185481 0.989168345
37115.361221000 6.356812101 -145.782380665 7.843400011 -0.064224551 -0.013801965 0.129229043 0.989436491
37115.562941000 6.729297375 -147.019608387 7.941936506 -0.063024817 -0.014177955 0.128449869 0.989609766
37115.764661000 7.097186394 -148.267127534 8.028077211 -0.062762539 -0.016766303 0.126826583 0.989795321
37115.966381000 7.465557634 -149.506077837 8.125576626 -0.061988154 -0.019337307 0.125496533 0.989966747
37116.168101000 7.838052761 -150.763748268 8.233224082 -0.059478781 -0.029361772 0.125352309 0.989892397
37116.369821000 8.203348475 -152.007630308 8.321924791 -0.059028361 -0.036776087 0.125286465 0.989679985
37116.571540000 8.592123138 -153.240170327 8.418394283 -0.061596093 -0.038751030 0.125767703 0.989387066
37116.773260000 8.964037358 -154.488812901 8.519225630 -0.061171974 -0.041635687 0.127398806 0.989087461
37116.974980000 9.355377000 -155.732065628 8.627769694 -0.060123956 -0.041306795 0.128505946 0.989022284
37117.176700000 9.752906489 -156.959468636 8.739035558 -0.060220915 -0.039406190 0.129249360 0.988997067
37117.378420000 10.145306996 -158.197768395 8.852028235 -0.060752257 -0.038695997 0.130339301 0.988849559
37117.580140000 10.543887332 -159.421920810 8.959417701 -0.062349400 -0.038496580 0.130712007 0.988708723
37117.781859000 10.945301104 -160.649092055 9.057543107 -0.063297624 -0.036499456 0.131376969 0.988636079
37117.983579000 11.339259087 -161.872413373 9.167468914 -0.062455487 -0.035851716 0.131595431 0.988684280
37118.185299000 11.738535234 -163.082914786 9.293740769 -0.063116221 -0.032107877 0.131513252 0.988781922
37118.387019000 12.134343775 -164.287159599 9.401821209 -0.065610316 -0.028950848 0.131312682 0.988743703
37118.588739000 12.523736932 -165.489826220 9.510079306 -0.068343574 -0.027811155 0.130202304 0.988738114
37118.790459000 12.916380375 -166.686360488 9.613205046 -0.066544110 -0.022163757 0.128253346 0.989258172
37118.992178000 13.291869535 -167.891397669 9.736424093 -0.065856099 -0.022305052 0.126401799 0.989539309
37119.193898000 13.662521131 -169.092741182 9.841934630 -0.065977074 -0.021316892 0.123931223 0.989865482
37119.395618000 14.026261858 -170.309596219 9.945108531 -0.064579210 -0.018317969 0.120744121 0.990411447
37119.597338000 14.385145572 -171.516220393 10.051240564 -0.063059360 -0.015225833 0.116848456 0.991028824
37119.799058000 14.714195514 -172.727789827 10.150266083 -0.062997404 -0.015466379 0.112192727 0.991566897
37120.000778000 15.039000519 -173.937065036 10.247257165 -0.064727514 -0.015292265 0.106152307 0.992123068
37120.202497000 15.354097000 -175.169362391 10.342810386 -0.062968099 -0.015126558 0.099809909 0.992896867
37120.404217000 15.636579343 -176.394056890 10.440446419 -0.062280704 -0.016285850 0.092602441 0.993619984
37120.605937000 15.902869222 -177.615030682 10.540265534 -0.062705234 -0.015834447 0.083579322 0.994400232
37120.807657000 16.154816236 -178.858989721 10.636320907 -0.061413896 -0.015731940 0.074453899 0.995207243
37121.009377000 16.372091727 -180.101929215 10.721386759 -0.059558048 -0.015310744 0.065090080 0.995982782
37121.211097000 16.570787285 -181.327124881 10.814550436 -0.058225957 -0.013982491 0.055945763 0.996636493
37121.412816000 16.737700943 -182.561407064 10.887699063 -0.058317359 -0.015371759 0.047131401 0.997066410
37121.614536000 16.887611594 -183.766875704 10.965128919 -0.059519032 -0.017391900 0.037750169 0.997361485
37121.816256000 17.011369249 -184.976889321 11.058325271 -0.057760429 -0.015964076 0.029541181 0.997765604
37122.017976000 17.106098945 -186.198879105 11.138953587 -0.055473166 -0.018399274 0.020907597 0.998071674
37122.219696000 17.182720165 -187.405323898 11.200089271 -0.054862489 -0.021783729 0.012125839 0.998182619
37122.421416000 17.226794461 -188.613520246 11.272060336 -0.054072823 -0.022610127 0.004211220 0.998272096
37122.623135000 17.259993850 -189.840268822 11.332404390 -0.051559972 -0.026331076 -0.002302396 0.998320060
37122.824855000 17.276525687 -191.062252192 11.391859342 -0.051109891 -0.030858702 -0.008197871 0.998182506
37123.026575000 17.295705009 -192.319727070 11.461182357 -0.052627373 -0.032917443 -0.013165187 0.997984709
37123.228295000 17.302976849 -193.562506722 11.526156297 -0.052507557 -0.033100841 -0.014894057 0.997960649
37123.430015000 17.296915998 -194.752783434 11.594119456 -0.052663916 -0.033162134 -0.015378938 0.997943021
37123.631735000 17.303636461 -195.948406473 11.667421948 -0.053455341 -0.033484632 -0.014884745 0.997897665
37123.833454000 17.302947985 -197.171868516 11.735668597 -0.053846620 -0.034018799 -0.013464029 0.997878742
37124.035175000 17.323159902 -198.399323675 11.832830784 -0.053118504 -0.034910925 -0.011912882 0.997906677
37124.236895000 17.349881049 -199.612724915 11.878222610 -0.052869733 -0.037847481 -0.010014613 0.997833687
37124.438615000 17.393755827 -200.855040086 11.940361044 -0.053446478 -0.039918397 -0.008320393 0.997737825
37124.640335000 17.443663352 -202.102226610 12.017537539 -0.053381039 -0.039934586 -0.006079312 0.997756852
37124.842055000 17.485760819 -203.340005879 12.087315073 -0.054124896 -0.040497775 -0.003839396 0.997705209
37125.043774000 17.548819817 -204.572258145 12.151281416 -0.055867964 -0.041308559 -0.002127630 0.997580998
37125.245494000 17.609438794 -205.819894709 12.241388010 -0.056622708 -0.040650581 -0.000813427 0.997567410
37125.447214000 17.665239968 -207.081015039 12.324836870 -0.055877000 -0.041485506 0.000430963 0.997575325
37125.648934000 17.731316179 -208.332088979 12.405389054 -0.054949569 -0.042030980 0.001482134 0.997603000
37125.850654000 17.796442019 -209.574706334 12.480695653 -0.054717752 -0.041615662 0.001971550 0.997632306
37126.052374000 17.863489523 -210.837947833 12.559583145 -0.055202125 -0.040652250 0.002486870 0.997644193
37126.254093000 17.922650963 -212.113949052 12.641054037 -0.055308639 -0.039157202 0.002553997 0.997697923
37126.455813000 17.993572918 -213.365910294 12.719371771 -0.055385753 -0.037682205 0.002651880 0.997750188
37126.657533000 18.060436182 -214.643715326 12.795063116 -0.054841221 -0.037797830 0.002830136 0.997775403
37126.859253000 18.120774102 -215.909798628 12.879140659 -0.054110288 -0.038791160 0.002709917 0.997777520
37127.060973000 18.186555750 -217.183908352 12.956627081 -0.054787542 -0.038474292 0.002594819 0.997753136
37127.262693000 18.250293209 -218.460355425 13.028475304 -0.055909059 -0.038926425 0.002238184 0.997674246
37127.464412000 18.306126890 -219.736864471 13.110852963 -0.056385640 -0.038006924 0.001888516 0.997683601
37127.666132000 18.381866235 -221.023165193 13.200875235 -0.057132581 -0.035989421 0.000830813 0.997717365
37127.867852000 18.435093730 -222.315156056 13.270229437 -0.056697494 -0.036094245 -0.001164872 0.997738063
37128.069572000 18.479168656 -223.622365586 13.356410664 -0.053868346 -0.035821072 -0.005046402 0.997892572
37128.271292000 18.515418522 -224.925341990 13.437471037 -0.052142118 -0.037796003 -0.009052865 0.997883113
37128.473012000 18.534337753 -226.231019719 13.506514669 -0.052540132 -0.039659069 -0.012243073 0.997755882
37128.674731000 18.556553118 -227.530182838 13.571945509 -0.052559864 -0.039382295 -0.015199275 0.997725151
37128.876451000 18.575122401 -228.834114681 13.653278031 -0.053245337 -0.038912325 -0.017443733 0.997670527
37129.078171000 18.576162548 -230.145420349 13.713036797 -0.053137763 -0.040231775 -0.019497994 0.997585891
37129.279891000 18.588060731 -231.470499938 13.796237692 -0.053006432 -0.038684822 -0.020948361 0.997624663
37129.481611000 18.587567425 -232.782365737 13.869747708 -0.052600469 -0.038930718 -0.021639187 0.997621840
37129.683331000 18.594836347 -234.106814125 13.943230207 -0.052743325 -0.038474441 -0.022044039 0.997623135
37129.885050000 18.601632128 -235.415232965 14.006883775 -0.054000709 -0.038037726 -0.022269149 0.997567612
37130.086770000 18.601643646 -236.765438825 14.081528049 -0.054227141 -0.037890935 -0.022576080 0.997554016
37130.288490000 18.596816084 -238.120326233 14.161527153 -0.051885567 -0.037612615 -0.022825018 0.997683416
37130.490210000 18.598298040 -239.464374146 14.239418718 -0.050436521 -0.036768100 -0.022977926 0.997785688
37130.691930000 18.602406549 -240.810028266 14.315418134 -0.051021096 -0.035894997 -0.023487506 0.997775894
37130.893650000 18.599386961 -242.156973657 14.393115740 -0.052709836 -0.033745905 -0.024787533 0.997731660
37131.095369000 18.591964846 -243.496363245 14.465089930 -0.055405616 -0.033974378 -0.026524925 0.997533151
37131.297089000 18.579795173 -244.865459748 14.539767668 -0.054697036 -0.034516975 -0.027976010 0.997513988
37131.498809000 18.560290499 -246.227395600 14.622906508 -0.050889304 -0.034292769 -0.028988971 0.997694304
37131.700529000 18.543866386 -247.586531355 14.694072191 -0.050564644 -0.034038733 -0.030289142 0.997680886
37131.902249000 18.520260186 -248.949234918 14.762580207 -0.052843571 -0.034140393 -0.031421200 0.997524285
37132.103969000 18.485173692 -250.312656738 14.842279723 -0.052487357 -0.034407956 -0.032879202 0.997486906
37132.305689000 18.458287294 -251.693718441 14.918273699 -0.053223830 -0.031351418 -0.033667162 0.997522348
37132.507408000 18.411897763 -253.072194459 15.001809237 -0.054024671 -0.032026593 -0.034648339 0.997424245
37132.709128000 18.374230879 -254.487722394 15.077282404 -0.053601785 -0.028470668 -0.036319450 0.997495447
37132.910848000 18.335609471 -255.892302867 15.145531879 -0.054933091 -0.027038155 -0.037416325 0.997422334
37133.112568000 18.277518135 -257.242530822 15.227146679 -0.055312810 -0.026730933 -0.037483312 0.997407114
37133.314288000 18.237311689 -258.610588356 15.303384988 -0.054764140 -0.025926344 -0.037634413 0.997452938
37133.516008000 18.198383429 -259.964317620 15.378178363 -0.055736115 -0.027342694 -0.036139227 0.997416572
37133.717727000 18.163636040 -261.319039371 15.456861402 -0.056360482 -0.028564174 -0.034239565 0.997414275
37133.919447000 18.137100464 -262.692868751 15.561110709 -0.057051200 -0.028366760 -0.031000536 0.997486569
37134.121167000 18.120143372 -264.071538556 15.636667547 -0.057284812 -0.028738795 -0.026088475 0.997603089
37134.322887000 18.133512497 -265.432327883 15.727763811 -0.058029461 -0.028472714 -0.020982290 0.997688143
37134.524607000 18.162421976 -266.817305098 15.814395091 -0.058861098 -0.028134424 -0.015044498 0.997756227
37134.726327000 18.205007145 -268.194480837 15.914344017 -0.059328534 -0.028083232 -0.009431071 0.997798833
37134.928046000 18.256059625 -269.590643241 16.009183952 -0.059487581 -0.027741520 -0.004123234 0.997834974
37135.129766000 18.329300554 -271.018958503 16.106945725 -0.059355356 -0.027642806 0.000727594 0.997853841
37135.331486000 18.410331155 -272.377744801 16.210468016 -0.058587081 -0.027269378 0.006406510 0.997889218
37135.533206000 18.514814592 -273.771455131 16.295842254 -0.059286706 -0.027490389 0.011287622 0.997798554
37135.734926000 18.635639386 -275.165672060 16.397677862 -0.060469053 -0.026681312 0.015995537 0.997685193
37135.936646000 18.780080875 -276.561621560 16.503126016 -0.060251729 -0.025350300 0.019987385 0.997661063
37136.138365000 18.911632597 -277.961767934 16.610490611 -0.059797063 -0.022953821 0.022428151 0.997694548
37136.340085000 19.058417638 -279.364403295 16.699263180 -0.060535905 -0.021121453 0.024291070 0.997646848
37136.541805000 19.221743699 -280.772516650 16.789780141 -0.062070310 -0.018857337 0.025475712 0.997568376
37136.743525000 19.368192759 -282.173366967 16.905556463 -0.063043254 -0.016183633 0.024711363 0.997573549
37136.945245000 19.491471402 -283.606140793 17.018942748 -0.063264576 -0.016594005 0.022818103 0.997597898
37137.146966000 19.625293189 -285.034823220 17.129858030 -0.061122139 -0.015749308 0.020802097 0.997789214
37137.348685000 19.763092505 -286.437764873 17.231145735 -0.060305717 -0.014761138 0.021189784 0.997845841
37137.550405000 19.891856080 -287.839621605 17.313693115 -0.062718528 -0.012237182 0.020146038 0.997752863
37137.752125000 20.019491373 -289.243845774 17.426955860 -0.063009356 -0.010009484 0.018727417 0.997787009
37137.953845000 20.134103958 -290.677686426 17.551971674 -0.062981835 -0.007615881 0.017097030 0.997839155
37138.155565000 20.240060820 -292.118821317 17.665889850 -0.062899521 -0.007757511 0.015307905 0.997872306
37138.357285000 20.343119931 -293.523247043 17.770393922 -0.062608225 -0.006230725 0.012481473 0.997940680
37138.559004000 20.435382358 -294.944292034 17.893680885 -0.061013604 -0.004705444 0.010589718 0.998069665
37138.760724000 20.527923974 -296.346189869 17.992518604 -0.060142724 -0.003355541 0.008371759 0.998149040
37138.962444000 20.619153437 -297.758288068 18.090551759 -0.061597816 -0.003297278 0.006808495 0.998072383
37139.164164000 20.695005188 -299.149100003 18.184989634 -0.062808175 -0.003412425 0.005130538 0.998006596
37139.365884000 20.772487219 -300.556684125 18.280265661 -0.061722783 -0.003358639 0.003525713 0.998081453
37139.567604000 20.839511415 -301.958313293 18.383127119 -0.061835489 -0.003722986 0.002554936 0.998076141
37139.769324000 20.909021617 -303.350504467 18.493437346 -0.062491488 -0.003602158 0.001617356 0.998037686
37139.971043000 20.984956270 -304.730577721 18.606154512 -0.063945146 -0.003584857 0.000824648 0.997946635
37140.172763000 21.037474362 -306.123753154 18.698463997 -0.064405925 -0.003609470 0.000523401 0.997917118
37140.374483000 21.112260835 -307.520135444 18.798162682 -0.061936933 -0.003274422 0.000446176 0.998074594
37140.576203000 21.168975229 -308.886174342 18.903576245 -0.062226921 -0.003234820 0.000400130 0.998056705
37140.777923000 21.243224163 -310.250876751 19.003320810 -0.062662856 -0.003442010 0.000913101 0.998028399
37140.979643000 21.315497697 -311.592712613 19.108909541 -0.062599526 -0.003595018 0.001580852 0.998031000
37141.181363000 21.393205669 -312.923576057 19.209724055 -0.062277046 -0.003741858 0.002726867 0.998048161
37141.383082000 21.466893489 -314.244610629 19.318925686 -0.062517107 -0.004222131 0.003638243 0.998028330
37141.584802000 21.544320855 -315.542371780 19.418326447 -0.062640489 -0.004390709 0.004253288 0.998017435
37141.786522000 21.619925314 -316.816324571 19.516930129 -0.063268685 -0.004641533 0.004671409 0.997974803
37141.988242000 21.692122556 -318.095517491 19.608483297 -0.064295498 -0.004314770 0.004826048 0.997909906
37142.189962000 21.759667830 -319.368570556 19.700741002 -0.063530647 -0.003076846 0.004622249 0.997964441
37142.391682000 21.829818787 -320.622939350 19.802920070 -0.062693539 -0.002550996 0.004674191 0.998018619
37142.593402000 21.893794890 -321.882540802 19.892948044 -0.064347715 -0.003282232 0.003275013 0.997916767
37142.795121000 21.964383613 -323.175480808 19.988496933 -0.063597749 -0.002210359 0.001094053 0.997972567
37142.996841000 22.016738918 -324.446326039 20.102404436 -0.062353823 -0.001385804 -0.000357228 0.998053081
37143.198561000 22.073281318 -325.699877858 20.193248376 -0.063076038 -0.002032750 -0.001803585 0.998005024
37143.400281000 22.123220361 -326.969458197 20.286452567 -0.064043195 -0.000932686 -0.003508630 0.997940524
37143.602001000 22.164292768 -328.249418944 20.384549866 -0.064646079 -0.000864044 -0.004927489 0.997895715
37143.803721000 22.210377153 -329.543126397 20.492949040 -0.065016679 -0.001432807 -0.006417662 0.997862512
37144.005441000 22.251747780 -330.842076950 20.586478319 -0.065511340 -0.001786522 -0.007532269 0.997821796
37144.207160000 22.284555376 -332.152801583 20.707942968 -0.064919007 -0.003330433 -0.008725683 0.997846829
37144.408880000 22.319603321 -333.463668268 20.806469005 -0.062494464 -0.002528150 -0.008578775 0.998005238
37144.610600000 22.355319727 -334.766227794 20.889606620 -0.062506673 -0.002341957 -0.008508893 0.998005526
37144.812320000 22.401478286 -336.060420028 20.981756151 -0.063581901 -0.001994632 -0.007463030 0.997946725
37145.014040000 22.444051813 -337.375642115 21.090083968 -0.063853652 -0.000934693 -0.006888805 0.997935059
37145.215760000 22.491178361 -338.683749036 21.189281696 -0.064735073 -0.001927424 -0.006116622 0.997881878
37145.417480000 22.531148856 -339.993468169 21.286956602 -0.066020751 -0.002623013 -0.005804764 0.997797918
37145.619200000 22.589350058 -341.346978837 21.392714039 -0.066619540 -0.003757612 -0.005895882 0.997753955
37145.820919000 22.635105832 -342.656111987 21.509470561 -0.065258534 -0.003417753 -0.005299716 0.997848463
37146.022639000 22.684692347 -343.978645472 21.611145087 -0.065182581 -0.003863044 -0.005721320 0.997849475
37146.224359000 22.729973440 -345.306403729 21.719411828 -0.065736423 -0.004082984 -0.006009243 0.997810574
37146.426079000 22.779125288 -346.658146714 21.830872272 -0.065225314 -0.004668689 -0.007946827 0.997827996
37146.627799000 22.822762884 -348.005867402 21.927109001 -0.065654217 -0.004160374 -0.011076249 0.997772284
37146.829519000 22.841769676 -349.379572845 22.038096407 -0.066343225 -0.004559259 -0.015647672 0.997663741
37147.031239000 22.855925209 -350.724994174 22.151297964 -0.065880283 -0.004079410 -0.021071118 0.997596689
37147.232958000 22.841974432 -352.048039310 22.257607675 -0.063727090 -0.003569141 -0.026587431 0.997606750
37147.434678000 22.816197278 -353.381211444 22.351398297 -0.061928961 -0.002994655 -0.032855053 0.997535153
37147.636398000 22.767853405 -354.704179043 22.433015043 -0.061826478 -0.002293829 -0.039342252 0.997308584
37147.838118000 22.704420970 -356.029209148 22.535426417 -0.061126635 -0.002017173 -0.045645027 0.997083746
37148.039838000 22.633758795 -357.383574402 22.632980290 -0.060032576 -0.002103096 -0.051773119 0.996850646
37148.241558000 22.538815071 -358.712040264 22.724129943 -0.061361165 -0.001552190 -0.058529406 0.996396862
37148.443278000 22.419580628 -360.017047649 22.819505900 -0.061886746 -0.002816026 -0.064604301 0.995986137
37148.644997000 22.276629618 -361.320353036 22.909123807 -0.062944534 -0.005044601 -0.070515482 0.995509972
37148.846717000 22.134284010 -362.618623952 22.993181166 -0.063197701 -0.007549671 -0.075830116 0.995087357
37149.048437000 21.969088152 -363.922672075 23.099906998 -0.062724362 -0.009132948 -0.079020303 0.994855787
37149.250157000 21.804530642 -365.217118858 23.196282541 -0.062047056 -0.013199762 -0.081142105 0.994681802
37149.451877000 21.638757710 -366.514061568 23.276385407 -0.062133015 -0.015238986 -0.082074734 0.994570762
37149.653597000 21.479468163 -367.830134946 23.374257740 -0.061380215 -0.017827171 -0.081219672 0.994644674
37149.855317000 21.323464732 -369.110972025 23.466955268 -0.061143121 -0.020069809 -0.078811193 0.994810292
37150.057036000 21.187038672 -370.426827347 23.565060097 -0.061797811 -0.021256797 -0.075707786 0.994986186
37150.258756000 21.054817519 -371.719313889 23.659871386 -0.062495447 -0.022354039 -0.071688516 0.995216245
37150.460476000 20.929453014 -373.046611950 23.755690695 -0.062477971 -0.022908472 -0.067282483 0.995512316
37150.662196000 20.824470547 -374.371294356 23.857531637 -0.061996822 -0.023190231 -0.063093527 0.995810130
37150.863916000 20.717784924 -375.678685317 23.946837695 -0.062230197 -0.024039100 -0.059583087 0.995991656
37151.065636000 20.626735959 -376.997026291 24.043696436 -0.062227844 -0.024311483 -0.057290185 0.996119713
37151.267356000 20.544092293 -378.321186584 24.146396257 -0.062827022 -0.023327085 -0.055947830 0.996181937
37151.469076000 20.449661795 -379.630431032 24.229031544 -0.062726669 -0.025259317 -0.055347724 0.996174664
37151.670795000 20.361006670 -380.974012637 24.327144678 -0.061708121 -0.025333885 -0.055538825 0.996225748
37151.872515000 20.276772678 -382.287228000 24.421757874 -0.063061116 -0.024940255 -0.055029466 0.996179219
37152.074235000 20.186143637 -383.602205297 24.514345696 -0.063774160 -0.024398859 -0.055816368 0.996103451
37152.275955000 20.090264146 -384.941704993 24.625179898 -0.063928936 -0.024012417 -0.056617575 0.996057702
37152.477675000 20.000091751 -386.274810173 24.734422458 -0.064300516 -0.023459419 -0.056961150 0.996027373
37152.679395000 19.912076823 -387.603265790 24.838541551 -0.064629999 -0.022357669 -0.057221180 0.996016483
37152.881115000 19.824337667 -388.924741345 24.938312417 -0.064501289 -0.022339271 -0.056890542 0.996044179
37153.082834000 19.735004429 -390.261103396 25.038262834 -0.064743532 -0.021383932 -0.056400964 0.996077273
37153.284554000 19.644659532 -391.606844320 25.144448137 -0.063852180 -0.021895766 -0.056202733 0.996134894
37153.486274000 19.555889632 -392.934446213 25.253926575 -0.063329922 -0.021958702 -0.055711893 0.996194419
37153.687994000 19.469712168 -394.273317244 25.354135083 -0.062956572 -0.022549647 -0.055219932 0.996232273
37153.889714000 19.389137358 -395.602742486 25.448260020 -0.063771755 -0.022295283 -0.055036344 0.996196308
37154.091435000 19.296521376 -396.951022689 25.556739585 -0.064531606 -0.022269119 -0.054470261 0.996179075
37154.293154000 19.214496528 -398.280164271 25.669736139 -0.064900632 -0.020528404 -0.054526294 0.996189428
37154.494874000 19.131815220 -399.626639643 25.768664026 -0.065768060 -0.020186085 -0.053588058 0.996190446
37154.696594000 19.052076444 -400.976411758 25.877948224 -0.065890799 -0.019483661 -0.052763605 0.996240328
37154.898314000 18.987114153 -402.321006746 25.989764353 -0.066482618 -0.018234216 -0.050934407 0.996319859
37155.100034000 18.919633560 -403.664308918 26.098153168 -0.067131707 -0.016748114 -0.049456923 0.996376860
37155.301754000 18.856378696 -405.031063202 26.213962508 -0.067182638 -0.015759201 -0.046986075 0.996509132
37155.503473000 18.801558374 -406.390726679 26.327748102 -0.067388305 -0.015099941 -0.044854428 0.996603677
37155.705193000 18.749517154 -407.738555335 26.447890810 -0.068121840 -0.013580565 -0.042567680 0.996675963
37155.906913000 18.699795114 -409.120008102 26.561567846 -0.068407107 -0.014452158 -0.040557036 0.996728012
37156.108633000 18.658172544 -410.517488945 26.686555937 -0.068664008 -0.013533146 -0.038263496 0.996813931
37156.310353000 18.624666099 -411.895594248 26.803695972 -0.068401872 -0.012705951 -0.035882614 0.996931382
37156.512073000 18.605820396 -413.255168438 26.918529491 -0.068337637 -0.010273133 -0.033323683 0.997052638
37156.713792000 18.585515212 -414.636054448 27.041560347 -0.068732529 -0.009091350 -0.030622845 0.997123577
37156.915512000 18.577498543 -416.008874856 27.158980233 -0.068103309 -0.006600331 -0.028306204 0.997254799
37157.117232000 18.573308191 -417.401002953 27.273611197 -0.067026657 -0.004236654 -0.025858436 0.997407048
37157.318952000 18.587163629 -418.775503343 27.376563841 -0.068167641 -0.000907331 -0.024770019 0.997365929
37157.520672000 18.604875400 -420.165793340 27.499164912 -0.069009051 0.001894992 -0.025016891 0.997300514
37157.722392000 18.596225898 -421.551703015 27.618270127 -0.068847747 0.004261705 -0.026218790 0.997273483
37157.924111000 18.593391013 -422.944411255 27.732321398 -0.068685466 0.007629230 -0.027766025 0.997222718
37158.125831000 18.579947662 -424.324008835 27.854048648 -0.069362889 0.008259579 -0.029629875 0.997117164
37158.327551000 18.554353632 -425.696224205 27.973018789 -0.069830550 0.009339795 -0.032990558 0.996969451
37158.529271000 18.523802474 -427.086481566 28.093446478 -0.068387803 0.009500435 -0.036302934 0.996952831
37158.730991000 18.474111135 -428.475018398 28.218389449 -0.067683463 0.008697240 -0.040769736 0.996835561
37158.932711000 18.425114425 -429.898108389 28.328664413 -0.068256077 0.008819838 -0.046378261 0.996550237
37159.134430000 18.341851656 -431.284228104 28.447792916 -0.068214101 0.008663091 -0.050930321 0.996332218
37159.336150000 18.219116570 -432.646113878 28.565672556 -0.068144660 0.008134403 -0.056756305 0.996026535
37159.537870000 18.107778439 -434.044177147 28.692565983 -0.067825641 0.007799796 -0.063759685 0.995627214
37159.739590000 17.978817276 -435.418332089 28.810481239 -0.066952060 0.007576926 -0.069948975 0.995272401
37159.941310000 17.827106466 -436.797949061 28.930355956 -0.067005754 0.007808803 -0.076984491 0.994747526
37160.143031000 17.662465240 -438.166123376 29.039463391 -0.066608492 0.007318571 -0.084011659 0.994209127
37160.344750000 17.468317894 -439.531959001 29.155551198 -0.065972557 0.006610278 -0.091638004 0.993582609
37160.546470000 17.254273068 -440.902073968 29.258298986 -0.065458577 0.005536341 -0.098711416 0.992945407
37160.748190000 17.032009999 -442.242897394 29.368434889 -0.064903113 0.005035576 -0.106160879 0.992215752
37160.949910000 16.774889384 -443.588669505 29.473145903 -0.064766701 0.003873883 -0.113221763 0.991448990
37161.151630000 16.506431271 -444.922304449 29.570068505 -0.064958321 0.002484943 -0.120808492 0.990545079
37161.353350000 16.211341485 -446.239394742 29.681059557 -0.064444597 0.000294495 -0.127622506 0.989726884
37161.555069000 15.898225531 -447.548933127 29.777594438 -0.063731101 -0.002022428 -0.134340341 0.988881655
37161.756789000 15.585262276 -448.863010273 29.876664300 -0.063279433 -0.005043525 -0.138595695 0.988312454
37161.958509000 15.262428933 -450.180081885 29.975488947 -0.063896132 -0.008791018 -0.140459995 0.987983294
37162.160229000 14.947249198 -451.480825823 30.067028380 -0.064481169 -0.010490793 -0.141034412 0.987846861
37162.361949000 14.629991652 -452.790007438 30.164868837 -0.063918138 -0.013941715 -0.139948340 0.987995227
37162.563669000 14.311380150 -454.110256414 30.277588909 -0.063096816 -0.016290722 -0.138443020 0.988224135
37162.765388000 14.010417497 -455.422060544 30.362496178 -0.063745595 -0.017013669 -0.136325090 0.988464718
37162.967108000 13.715691399 -456.735796495 30.462378201 -0.064237789 -0.016765341 -0.134626659 0.988669860
37163.168828000 13.435085203 -458.066553378 30.564139038 -0.064699391 -0.013655862 -0.133357420 0.988859598
37163.370548000 13.120227441 -459.369405219 30.672570340 -0.064439736 -0.014518109 -0.132947925 0.988919408
37163.572268000 12.829561688 -460.691013008 30.783635956 -0.064466421 -0.013552385 -0.134541741 0.988715802
37163.773988000 12.516822739 -462.009068786 30.881934921 -0.063770064 -0.013949422 -0.134971758 0.988696829
37163.975707000 12.205695118 -463.335086590 30.988418766 -0.062550317 -0.015129889 -0.136626829 0.988530047
37164.177427000 11.896516378 -464.656799174 31.083645277 -0.061989874 -0.014530607 -0.138374307 0.988331253
37164.379147000 11.573624995 -465.976066142 31.179974901 -0.062037802 -0.014695692 -0.140775609 0.987986629
37164.580867000 11.250090679 -467.291450416 31.267229228 -0.063344804 -0.014074897 -0.143743301 0.987485292
37164.782587000 10.914612365 -468.610407465 31.363358480 -0.063426387 -0.014217450 -0.146405531 0.987086816
37164.984307000 10.565425672 -469.934060930 31.460120573 -0.062907981 -0.014559037 -0.149533331 0.986646040
37165.186026000 10.218267223 -471.252846927 31.544357232 -0.063254815 -0.014000101 -0.152413182 0.986191181
37165.387746000 9.855295375 -472.573006482 31.638663923 -0.063385076 -0.013994409 -0.154890381 0.985796867
37165.589466000 9.488462057 -473.887446427 31.728111518 -0.063099731 -0.013356679 -0.157215259 0.985455931
37165.791186000 9.114196620 -475.199540562 31.835036976 -0.063419372 -0.012849901 -0.159092802 0.985140773
37165.992907000 8.737449846 -476.502050475 31.924230148 -0.063371826 -0.014379526 -0.161012005 0.984810831
37166.194627000 8.353368737 -477.803462594 32.027876949 -0.062708096 -0.015780714 -0.162002474 0.984669418
37166.396346000 7.979916444 -479.098674612 32.132257156 -0.061945128 -0.016308885 -0.161983764 0.984712180
37166.598066000 7.607574111 -480.400819739 32.234301322 -0.062201598 -0.015527568 -0.161625646 0.984767491
37166.799786000 7.243200202 -481.678062337 32.323408969 -0.063434972 -0.014347225 -0.161295134 0.984760905
37167.001506000 6.860573736 -482.966333321 32.420567813 -0.063587011 -0.014507411 -0.160862276 0.984819555
37167.203226000 6.490543603 -484.274274491 32.523275170 -0.061371820 -0.014539131 -0.160664481 0.984991896
37167.404946000 6.115857130 -485.549267802 32.614380698 -0.062849463 -0.018277887 -0.160405272 0.984878680
37167.606665000 5.747598748 -486.837388697 32.710432366 -0.066275276 -0.018159516 -0.160231314 0.984684588
37167.808385000 5.377809145 -488.129030361 32.807123914 -0.065820450 -0.019022927 -0.160201130 0.984703705
37168.010105000 5.008851109 -489.433323220 32.914317855 -0.064445932 -0.018488073 -0.160246464 0.984797435
37168.211825000 4.651174220 -490.723968286 33.008112190 -0.064211022 -0.017545504 -0.161373330 0.984646005
37168.413545000 4.271813068 -492.021462687 33.110107087 -0.063460136 -0.016122887 -0.163172227 0.984422513
37168.615265000 3.898941099 -493.305575277 33.195908077 -0.062887900 -0.014771650 -0.167736963 0.983712974
37168.816984000 3.500568687 -494.594257061 33.281910214 -0.062627102 -0.012165754 -0.172783106 0.982891568
37169.018704000 3.073036230 -495.873142545 33.374248602 -0.062646517 -0.011011317 -0.179233125 0.981748265
37169.220424000 2.630469643 -497.138373513 33.470874709 -0.062359724 -0.010104245 -0.186991891 0.980328112
37169.422144000 2.191596693 -498.411057752 33.560159644 -0.062089371 -0.009455073 -0.195569206 0.978676764
37169.623864000 1.701798981 -499.660156543 33.646427228 -0.061768699 -0.008009459 -0.204188526 0.976948069
37169.825584000 1.203150460 -500.901282411 33.744207247 -0.060856734 -0.005987821 -0.214093680 0.974897181
37170.027303000 0.684493075 -502.133418830 33.833508462 -0.059716882 -0.004793682 -0.225585669 0.972379567
37170.229023000 0.112889427 -503.345349059 33.919245275 -0.058543302 -0.003363524 -0.237906585 0.969516298
37170.430743000 -0.494462914 -504.546181118 33.990746686 -0.058054640 -0.002034111 -0.250413767 0.966394550
37170.632463000 -1.106276809 -505.726055288 34.065892477 -0.057378912 -0.001481862 -0.262856684 0.963126093
37170.834183000 -1.791067667 -506.889082302 34.147027513 -0.055526874 -0.001391998 -0.275038426 0.959827446
37171.035903000 -2.439135277 -508.038422344 34.216943530 -0.054538375 -0.000453588 -0.287126417 0.956338747
37171.237622000 -3.137367313 -509.139903040 34.286825939 -0.054828365 -0.000594764 -0.298463602 0.952844725
37171.439342000 -3.880934609 -510.236135782 34.350163901 -0.053089001 -0.001051631 -0.310261147 0.949167282
37171.641062000 -4.643508500 -511.335603468 34.415560083 -0.050114769 -0.000643334 -0.321077681 0.945725692
37171.842782000 -5.440728491 -512.404631519 34.468496274 -0.049993110 -0.003739993 -0.329462100 0.942836809
37172.044502000 -6.201932081 -513.435078671 34.513310483 -0.049816330 -0.005321641 -0.336887503 0.940211037
37172.246222000 -7.002993046 -514.474486162 34.569813393 -0.050092854 -0.008025706 -0.341875553 0.938374954
37172.447942000 -7.804189621 -515.497201231 34.628608167 -0.049702284 -0.008558742 -0.345844728 0.936935430
37172.649661000 -8.623462229 -516.535477040 34.671718483 -0.050336942 -0.008931152 -0.348792228 0.935804604
37172.851381000 -9.439687698 -517.548053355 34.710278619 -0.051837829 -0.009087906 -0.351064055 0.934871241
37173.053101000 -10.260126879 -518.559066084 34.752646030 -0.052536792 -0.010113417 -0.352159493 0.934409605
37173.254821000 -11.071333400 -519.564851608 34.801174326 -0.053625696 -0.010544087 -0.351950056 0.934421854
37173.456541000 -11.882776938 -520.565003340 34.849311072 -0.054383808 -0.010851883 -0.351514324 0.934538585
37173.658261000 -12.686626700 -521.563127127 34.908474686 -0.054725762 -0.011416568 -0.350984492 0.934710975
37173.859980000 -13.474007536 -522.558022521 34.971291156 -0.055167177 -0.011253145 -0.350471732 0.934879422
37174.061701000 -14.245165984 -523.541163090 35.033676895 -0.055843156 -0.010844701 -0.350048520 0.935002610
37174.263421000 -14.999984852 -524.502135328 35.098019230 -0.056563629 -0.010352199 -0.349926352 0.935010649
37174.465141000 -15.744218562 -525.442293409 35.160820432 -0.057321331 -0.010236217 -0.349917826 0.934969001
37174.666861000 -16.478572580 -526.382542039 35.228912915 -0.056595931 -0.009042470 -0.350268825 0.934894156
37174.868581000 -17.213184331 -527.309516243 35.312746076 -0.053704206 -0.008284511 -0.351719796 0.934526895
37175.070300000 -17.945318465 -528.210395457 35.384499028 -0.051914040 -0.007160966 -0.355126653 0.933348155
37175.272020000 -18.653797590 -529.085948952 35.426701383 -0.049866533 -0.003144503 -0.360310658 0.931493184
37175.473740000 -19.359275789 -529.916345589 35.463363882 -0.047073487 0.000100303 -0.366756741 0.929125054
37175.675460000 -20.035816888 -530.692136348 35.497135190 -0.045679792 0.005407833 -0.373209383 0.926606191
37175.877180000 -20.678155513 -531.422888121 35.534392656 -0.045069269 0.010068699 -0.379843851 0.923897266
37176.078900000 -21.302019271 -532.102356482 35.576436266 -0.043839493 0.011893885 -0.385415849 0.921624399
37176.280619000 -21.895626717 -532.741483278 35.625168228 -0.042838577 0.013681504 -0.389909129 0.919754758
37176.482339000 -22.458915528 -533.357052099 35.663755813 -0.041031176 0.016125878 -0.392881233 0.918532067
37176.684059000 -22.999104275 -533.929975033 35.685911622 -0.038688587 0.017887162 -0.394999685 0.917691881
37176.885779000 -23.531187015 -534.475469448 35.712381319 -0.036088867 0.017883385 -0.396887701 0.916983262
37177.087499000 -24.039061525 -534.999024603 35.737786155 -0.033452184 0.018152988 -0.398418769 0.916413503
37177.289219000 -24.524906866 -535.492258530 35.762710079 -0.033070382 0.018476014 -0.400023271 0.915721722
37177.490938000 -25.004893211 -535.970011867 35.775171045 -0.033629722 0.018145116 -0.401244488 0.915173764
37177.692658000 -25.474928801 -536.433812653 35.790172360 -0.033777850 0.016052979 -0.400105713 0.915705749
37177.894378000 -25.919855154 -536.912558634 35.816267951 -0.034269728 0.017164200 -0.395407841 0.917705751
37178.096098000 -26.361935308 -537.400807982 35.830077478 -0.036921496 0.018570720 -0.386208841 0.921484900
37178.297818000 -26.792782580 -537.896573241 35.849890692 -0.039849910 0.017468377 -0.372105934 0.927169898
37178.499538000 -27.202797308 -538.427392735 35.876653103 -0.043072218 0.016746473 -0.352027723 0.934848056
37178.701257000 -27.586870619 -539.022586287 35.908239134 -0.043571923 0.017642067 -0.326718461 0.943951929
37178.902977000 -27.953092886 -539.674056049 35.939768033 -0.043626483 0.018138939 -0.295052662 0.954312108
37179.104697000 -28.266552989 -540.343642126 35.970661758 -0.043202418 0.017072439 -0.260355634 0.964394671
37179.306417000 -28.535362158 -541.062465874 36.011361793 -0.043532678 0.015124032 -0.221967558 0.973964347
37179.508137000 -28.754006230 -541.854661221 36.055311938 -0.044521757 0.015702360 -0.181696155 0.982220828
37179.709857000 -28.910154255 -542.687990917 36.078609472 -0.045838697 0.015142600 -0.138587757 0.989172860
37179.911576000 -29.021125510 -543.544357333 36.109371276 -0.047518614 0.012098639 -0.094498283 0.994316690
37180.113296000 -29.029863602 -544.436088791 36.144655806 -0.049341303 0.009997012 -0.050343764 0.997462280
37180.315016000 -28.966815133 -545.354632423 36.187467699 -0.048947098 0.006316420 -0.007052400 0.998756501
37180.516736000 -28.838893656 -546.322624839 36.244654544 -0.047794498 0.002839935 0.034170694 0.998268493
37180.718456000 -28.621242305 -547.292239589 36.268724399 -0.047414826 -0.001048255 0.073816522 0.996143492
37180.920176000 -28.337931433 -548.261066294 36.318263172 -0.051623512 -0.004581724 0.109913487 0.992589062
37181.121895000 -27.968856013 -549.239501578 36.382509357 -0.056536813 -0.005688326 0.142198650 0.988205839
37181.323615000 -27.518944107 -550.246557487 36.464784703 -0.058474025 -0.008365578 0.170899084 0.983516302
37181.525335000 -27.025421155 -551.260019624 36.539833523 -0.059089137 -0.010918228 0.197239720 0.978512009
37181.727055000 -26.467461539 -552.255624791 36.617337089 -0.063298464 -0.013328404 0.221840090 0.972935076
37181.928775000 -25.860124777 -553.245574106 36.714051383 -0.065913479 -0.016473027 0.245381982 0.967042766
37182.130496000 -25.190449611 -554.229313422 36.831583391 -0.066003838 -0.016950628 0.267267477 0.961209794
37182.332215000 -24.460227441 -555.200710244 36.930063253 -0.066867004 -0.017980166 0.287197493 0.955365474
37182.533935000 -23.691701087 -556.145456942 37.037066436 -0.069785961 -0.018782348 0.304519640 0.949760456
37182.735655000 -22.881547190 -557.083547660 37.147024447 -0.072128132 -0.019930340 0.318277861 0.945039434
37182.937375000 -22.043496009 -558.017497268 37.284344293 -0.074174898 -0.020295870 0.328696076 0.941299666
37183.139095000 -21.187469874 -558.950205704 37.413448388 -0.075174144 -0.020718199 0.335224347 0.938905939
37183.340815000 -20.327249936 -559.886486192 37.555741624 -0.076069511 -0.021281976 0.338095107 0.937791113
37183.542534000 -19.443289167 -560.843438121 37.680914439 -0.075843356 -0.021964576 0.339056108 0.937446745
37183.744254000 -18.539890492 -561.802440418 37.833434335 -0.073035119 -0.021480298 0.340602947 0.937120108
37183.945974000 -17.657511454 -562.761755111 37.966072576 -0.072173873 -0.021616938 0.341633351 0.936808592
37184.147694000 -16.767618822 -563.732186086 38.075829192 -0.073137047 -0.023185989 0.341865153 0.936611736
37184.349414000 -15.876490010 -564.692109965 38.204476425 -0.074982273 -0.023047411 0.342231049 0.936335690
37184.551134000 -14.975031947 -565.662648995 38.339719838 -0.074705251 -0.024587266 0.342955736 0.936053507
37184.752854000 -14.051009566 -566.655682480 38.490341865 -0.075380487 -0.024377433 0.343343206 0.935862639
37184.954573000 -13.114915662 -567.645965002 38.633887373 -0.076510518 -0.024061121 0.344172476 0.935474405
37185.156293000 -12.179918998 -568.647564593 38.786674752 -0.077240929 -0.024294900 0.344748841 0.935196215
37185.358013000 -11.238705876 -569.638454877 38.936709230 -0.078071742 -0.024309314 0.344886642 0.935076039
37185.559733000 -10.273175252 -570.658199878 39.085989922 -0.075812083 -0.023921282 0.345521215 0.935037683
37185.761453000 -9.317063556 -571.671250675 39.250930715 -0.074620452 -0.023346080 0.346261769 0.934874181
37185.963173000 -8.365245608 -572.679793363 39.400079232 -0.076418260 -0.023921148 0.346515916 0.934620107
