36607.498297000 0.000000000 0.000000000 0.000000000 -0.000000000 0.000000000 0.000000000 1.000000000
36607.700016000 0.004503936 -0.001206623 0.975690490 0.000372756 0.000128530 -0.000259091 0.999999889
36607.901736000 0.011311180 -0.012836439 2.011657318 0.000601149 0.000554007 -0.000215070 0.999999643
36608.103456000 0.015038367 -0.016669351 3.123489690 0.001207435 0.000853818 -0.000219943 0.999998882
36608.305176000 0.020670961 -0.020225910 4.285953492 0.002127514 0.001038221 -0.000483299 0.999997081
36608.506896000 0.029216575 -0.028253696 5.457188662 0.000253873 0.001263774 -0.000616960 0.999998979
36608.708616000 0.025506143 -0.027815959 6.660556074 -0.000578881 0.001242890 -0.000442108 0.999998962
36608.910335000 0.036697472 -0.024339100 7.918314798 0.001670859 0.001173704 -0.001151470 0.999997252
36609.112056000 0.039759458 -0.038956076 9.165138040 0.002426992 0.001184768 -0.000954300 0.999995898
36609.313776000 0.047160196 -0.043368468 10.437668873 0.002343166 0.001202540 -0.002309308 0.999993865
36609.515496000 0.054285035 -0.051511053 11.752208592 0.002186768 0.001535933 -0.004546242 0.999986095
36609.717216000 0.062550320 -0.064202536 13.070985956 0.001248068 0.001223769 -0.004527041 0.999988225
36609.918936000 0.067162035 -0.062679614 14.374389144 0.000588105 0.000527426 -0.004298551 0.999990449
36610.120656000 0.074381463 -0.058503332 15.679011653 0.001822011 -0.002054275 -0.003665881 0.999989511
36610.322375000 0.051970454 -0.061467836 16.967847699 0.003129944 -0.004971719 -0.001986384 0.999980770
36610.524095000 0.028886070 -0.055217864 18.228270658 0.002385709 -0.008541012 -0.001593971 0.999959409
36610.725815000 -0.007979550 -0.055120313 19.476815695 0.002902212 -0.011766595 -0.001144455 0.999925905
36610.927535000 -0.049094132 -0.055601765 20.707517964 0.002546376 -0.014317392 -0.000305697 0.999894211
36611.129255000 -0.083942040 -0.054411736 21.920497340 0.002589122 -0.016476735 0.000769681 0.999860600
36611.330975000 -0.143840611 -0.054240317 23.106712445 0.002696141 -0.018192307 0.001275392 0.999830058
36611.532695000 -0.204559216 -0.056385318 24.273253335 0.002863270 -0.019949495 0.001825193 0.999795221
36611.734414000 -0.247696289 -0.050523192 25.418662090 0.002305673 -0.021141432 0.002209351 0.999771397
36611.936134000 -0.299244027 -0.054609307 26.530156698 0.001827600 -0.022309799 0.002561818 0.999746150
36612.137854000 -0.347038053 -0.043944847 27.631556031 0.001518993 -0.023001250 0.002297416 0.999731644
36612.339574000 -0.403979490 -0.050932620 28.737559081 0.000886077 -0.023502699 0.003092825 0.999718596
36612.541294000 -0.443083049 -0.042472702 29.822428210 0.000287087 -0.023871845 0.003056718 0.999710311
36612.743014000 -0.507330286 -0.036094341 30.910676940 0.000458191 -0.023853989 0.004217507 0.999706449
36612.944734000 -0.519934619 -0.030648495 32.005658077 0.000062858 -0.023396746 0.003550738 0.999719949
36613.146453000 -0.580139624 -0.021206829 33.043106287 -0.000671236 -0.021228802 0.003546679 0.999768128
36613.348173000 -0.611778856 -0.005564318 34.090962406 -0.000755563 -0.018925368 0.003636593 0.999813998
36613.549893000 -0.625242118 0.008017008 35.110790904 -0.001009989 -0.014861465 0.003453658 0.999883088
36613.751613000 -0.630920121 0.017721661 36.115349813 -0.001189088 -0.009604136 0.003319648 0.999947661
36613.953333000 -0.620928404 0.029471152 37.088668745 -0.001371534 -0.001748765 0.003313788 0.999992040
36614.155053000 -0.609072163 0.051260567 38.050165763 -0.001157926 0.007845603 0.003499124 0.999962430
36614.356772000 -0.559194133 0.060677100 38.969922574 -0.001109053 0.018812845 0.003541158 0.999816135
36614.558492000 -0.477160231 0.064109306 39.881838616 -0.001476463 0.031283750 0.003385646 0.999503719
36614.760212000 -0.386288604 0.059262960 40.766435273 -0.002228768 0.044935108 0.003290205 0.998981997
36614.961932000 -0.273475355 0.061160558 41.623802290 -0.003093544 0.059258995 0.003562439 0.998231502
36615.163652000 -0.123954338 0.063110763 42.465025049 -0.004067862 0.074075706 0.003459411 0.997238317
36615.365372000 0.047736395 0.061207182 43.293106051 -0.004555909 0.088395393 0.002907411 0.996070771
36615.567091000 0.245187926 0.084114342 44.080977400 -0.004364939 0.103186258 0.002297302 0.994649801
36615.768811000 0.465349527 0.092025941 44.851589937 -0.003562463 0.118482433 0.001039532 0.992949255
36615.970532000 0.687859956 0.115213548 45.623046564 -0.003573874 0.136201744 0.000874072 0.990674286
36616.172252000 0.968917275 0.110910003 46.369473068 -0.003969247 0.155422570 0.000592214 0.987839892
36616.373972000 1.266059138 0.112830209 47.121729764 -0.004587301 0.175166060 0.000574040 0.984527870
36616.575692000 1.594934310 0.133556944 47.890307025 -0.004202721 0.196411757 0.001702835 0.980510855
36616.777411000 1.981324374 0.140661817 48.649439564 -0.003783714 0.218870163 0.002009697 0.975744453
36616.979131000 2.386164535 0.156695195 49.387951778 -0.003319197 0.242035402 0.002089494 0.970259540
36617.180851000 2.825767988 0.159347727 50.073195888 -0.003008597 0.266438407 0.002224339 0.963844412
36617.382571000 3.290738672 0.178923588 50.740940572 -0.001203518 0.290034855 0.001795389 0.957013551
36617.584291000 3.805593799 0.173741154 51.355983145 -0.000466410 0.314633770 0.000021010 0.949213076
36617.786011000 4.333788381 0.178648263 51.960460046 0.001049460 0.339428510 -0.000001246 0.940631098
36617.987730000 4.863776062 0.181896329 52.548248206 0.002525378 0.364284122 0.004688654 0.931272008
36618.189450000 5.466013895 0.202343461 53.069004490 0.000966145 0.387639524 0.003557306 0.921802802
36618.391170000 6.076131558 0.184544643 53.572123132 -0.000183713 0.412997161 0.004317105 0.910722401
36618.592890000 6.722594052 0.169688807 54.067698905 0.002042329 0.437248989 0.006679624 0.899313253
36618.794610000 7.393808686 0.205064887 54.508754611 0.009290884 0.460517074 0.006428199 0.887578419
36618.996330000 8.112521396 0.190116738 54.910757456 0.010691033 0.483686594 0.002618557 0.875172064
36619.198049000 8.810132197 0.186342751 55.267396876 0.010155689 0.506490677 0.002187798 0.862183751
36619.399769000 9.534782791 0.167760772 55.606228447 0.009925365 0.529459885 0.004944023 0.848261630
36619.601489000 10.260379183 0.182758059 55.895477901 0.008583839 0.550733530 0.006638248 0.834610518
36619.803209000 11.032686402 0.181863556 56.133060249 0.006084119 0.572178457 0.005297350 0.820088817
36620.004929000 11.797709199 0.173261031 56.355791987 0.006529477 0.591938489 0.005514792 0.805936233
36620.206649000 12.597625750 0.162655577 56.542948837 0.007597184 0.610803717 0.006904741 0.791714249
36620.408369000 13.425205631 0.169126225 56.720216849 0.009502062 0.628919971 0.006274769 0.777386998
36620.610088000 14.273132717 0.161395140 56.828851959 0.007635914 0.647241492 0.006367167 0.762217501
36620.811808000 15.154345748 0.166900497 56.894338351 0.004939127 0.665039288 0.004903216 0.746776647
