36653.288707000 0.000000000 0.000000000 0.000000000 0.000000000 0.000000000 0.000000000 1.000000000
36653.490427000 -0.005742740 -0.009359326 0.816893991 -0.000522951 -0.001808016 0.000265919 0.999998193
36653.692147000 -0.010607449 -0.007825630 1.681891734 -0.000891279 -0.003565061 0.000095385 0.999993243
36653.893867000 -0.014556185 -0.006811317 2.574592484 -0.001589414 -0.005448797 0.000069291 0.999983890
36654.095587000 -0.026995517 -0.006997278 3.512033640 -0.002393995 -0.007332614 -0.000027966 0.999970250
36654.297307000 -0.040203002 -0.005954792 4.489676410 -0.003299656 -0.009178581 -0.000176783 0.999952417
36654.499026000 -0.061940445 0.001886417 5.527761100 -0.003982172 -0.010338803 -0.000145127 0.999938614
36654.700746000 -0.078281366 0.008160166 6.615635573 -0.005024711 -0.010538189 -0.000300646 0.999931802
36654.902466000 -0.101751511 0.019280257 7.747783306 -0.006014704 -0.010009142 -0.000315310 0.999931769
36655.104186000 -0.121555374 0.035231481 8.930398387 -0.006266960 -0.008970887 -0.000356935 0.999940059
36655.305906000 -0.145784600 0.045510480 10.169890893 -0.005976757 -0.007822501 -0.000170169 0.999951528
36655.507626000 -0.163731248 0.055708871 11.426169290 -0.005620798 -0.006395101 -0.000157529 0.999963742
36655.709345000 -0.176104417 0.064134921 12.695982530 -0.006120216 -0.003617814 -0.000316602 0.999974677
36655.911065000 -0.180139203 0.075329072 14.006510446 -0.006691154 0.000997346 -0.000164901 0.999977103
36656.112786000 -0.147223184 0.093273091 15.331601980 -0.007135329 0.006199821 -0.000538719 0.999955178
36656.314506000 -0.109988426 0.103993051 16.685030666 -0.007090570 0.009615726 -0.000630887 0.999928430
36656.516226000 -0.079323957 0.128526375 18.072376359 -0.006253448 0.012380604 0.000118325 0.999903795
36656.717946000 -0.034860006 0.143184646 19.491778346 -0.005438946 0.015286762 0.000572455 0.999868195
36656.919665000 0.014871348 0.158005674 20.937690034 -0.005563975 0.018613294 0.000437628 0.999811180
36657.121385000 0.093654189 0.161294806 22.439026767 -0.005887689 0.021907025 0.000071407 0.999742673
36657.323105000 0.184689807 0.185957002 23.970580683 -0.005944060 0.025284948 -0.000903069 0.999662209
36657.524825000 0.287323301 0.191286084 25.518817556 -0.001798824 0.027840485 -0.001016152 0.999610243
36657.726545000 0.386264234 0.186269224 27.108097396 -0.000376516 0.030280053 -0.001947530 0.999539484
36657.928265000 0.491813693 0.181862258 28.730156175 -0.000775837 0.032668008 -0.001610285 0.999464657
36658.129984000 0.607968239 0.184243032 30.404840392 -0.002317076 0.035026835 -0.001467939 0.999382611
36658.331704000 0.731307008 0.198414552 32.114357365 -0.002519629 0.037289853 -0.001079477 0.999300737
36658.533424000 0.873376029 0.215357180 33.875533142 -0.002381812 0.038264595 -0.000984146 0.999264319
36658.735144000 1.025056214 0.229200637 35.673089989 -0.002959535 0.038787203 0.000171102 0.999243097
36658.936864000 1.177491876 0.235052338 37.456068054 -0.004672900 0.038379806 0.001064899 0.999251735
36659.138584000 1.323756218 0.253807939 39.280666021 -0.007600093 0.036918750 0.001310973 0.999288516
36659.340303000 1.473935820 0.281886547 41.136334683 -0.010002604 0.035040273 0.000671606 0.999335617
36659.542023000 1.600517482 0.326009475 43.014505591 -0.011795787 0.032970079 -0.000142249 0.999386724
36659.743743000 1.726962632 0.374763474 45.009386071 -0.010968409 0.029693706 0.001482012 0.999497773
36659.945463000 1.844188204 0.419287726 46.944975041 -0.011891327 0.026955108 0.001621256 0.999564601
36660.147183000 1.939540406 0.461649698 48.914736757 -0.012766423 0.023088727 0.002044622 0.999649814
36660.348903000 2.004289161 0.519230528 50.941024925 -0.013040155 0.019525389 0.002397065 0.999721449
36660.550622000 2.068099312 0.558286653 52.966026469 -0.014379680 0.015435027 0.002502113 0.999774340
36660.752342000 2.115457006 0.614208069 55.027571892 -0.014407177 0.013145586 0.003276380 0.999804429
36660.954062000 2.171452636 0.661934194 57.121819441 -0.015278040 0.012179003 0.003485874 0.999803030
36661.155782000 2.247052490 0.734003311 59.234003688 -0.015278803 0.010910725 0.003111809 0.999818900
36661.357502000 2.298511894 0.785618754 61.378350512 -0.015266189 0.010240840 0.003245409 0.999825754
36661.559221000 2.336746099 0.854634968 63.525096283 -0.016950210 0.009194638 0.003301878 0.999808604
36661.760941000 2.357746375 0.935185840 65.701362270 -0.018076775 0.007911754 0.003514574 0.999799123
36661.962662000 2.388456550 1.010531354 67.895109374 -0.019554728 0.008216123 0.003902463 0.999767416
36662.164382000 2.459305056 1.095412152 70.108028412 -0.020959967 0.010077087 0.003648964 0.999722871
36662.366102000 2.577010826 1.184744942 72.345530904 -0.020396783 0.011746191 0.002707211 0.999719295
36662.567822000 2.650264925 1.271344515 74.602223638 -0.018530393 0.013470890 0.002172253 0.999735185
36662.769541000 2.731472610 1.364306884 76.842360091 -0.019701065 0.015300803 0.001697281 0.999687391
36662.971261000 2.813244429 1.434602043 79.105434751 -0.018977863 0.016699332 0.001477376 0.999679347
36663.172981000 2.885516825 1.514652451 81.402738316 -0.017532524 0.017804779 0.001664877 0.999686366
36663.374701000 2.926572763 1.585568016 83.704711653 -0.015899635 0.018620492 0.003289247 0.999694782
36663.576421000 2.994198785 1.667366880 86.009138098 -0.017759873 0.019242849 0.004211697 0.999648221
36663.778141000 3.119411274 1.761728801 88.327192686 -0.018185828 0.020414525 0.003365967 0.999620530
36663.979860000 3.243906423 1.849877059 90.639434292 -0.023825099 0.021605492 0.003623811 0.999476087
36664.181580000 3.383721221 1.963200566 92.993725429 -0.024596735 0.024450943 0.002049808 0.999396294
36664.383300000 3.521652564 2.087586315 95.350271405 -0.026901480 0.027584154 0.000723105 0.999257178
36664.585020000 3.667985202 2.209386427 97.717390647 -0.028252678 0.032089987 -0.000792370 0.999085277
36664.786740000 3.859468305 2.342429630 100.098665638 -0.025814953 0.037641353 -0.002841744 0.998953779
36664.988460000 4.079320533 2.487115005 102.444965071 -0.026340944 0.043947856 -0.006347372 0.998666338
36665.190179000 4.325411129 2.612209176 104.800821531 -0.024911275 0.050368828 -0.012349469 0.998343595
36665.391899000 4.619641927 2.725499812 107.134018830 -0.024857166 0.056882273 -0.018179034 0.997905860
36665.593619000 4.931346036 2.849203143 109.436859713 -0.025428912 0.063327378 -0.021713499 0.997432477
36665.795339000 5.262296765 2.954430085 111.713918091 -0.027748558 0.069623041 -0.022525191 0.996932942
36665.997059000 5.615262769 3.091319567 113.986443414 -0.027826393 0.075894577 -0.025170331 0.996409669
36666.198779000 6.010957785 3.218008052 116.234768716 -0.028185071 0.082408737 -0.027724379 0.995814163
36666.400498000 6.426643400 3.338269583 118.445438751 -0.028675441 0.089356445 -0.029308303 0.995155345
36666.602218000 6.863931482 3.459272387 120.634737940 -0.030124975 0.096585181 -0.029694054 0.994425482
36666.803938000 7.326032163 3.589321814 122.818225173 -0.028672807 0.104130711 -0.030406963 0.993685107
36667.005658000 7.849109122 3.706198603 124.966534849 -0.029115408 0.112169378 -0.032195262 0.992740561
36667.207378000 8.379354024 3.827726630 127.100510328 -0.027691043 0.119413558 -0.032810734 0.991915889
36667.409098000 8.921501202 3.918839459 129.220995146 -0.025812659 0.125821177 -0.032971728 0.991168754
36667.610817000 9.483625729 4.018635132 131.276014549 -0.027027240 0.131509966 -0.031313170 0.990451513
36667.812537000 10.049407558 4.124957198 133.347101028 -0.026533907 0.137858302 -0.028760147 0.989678701
36668.014258000 10.644311916 4.233252785 135.383712141 -0.026423901 0.143850144 -0.023928542 0.988957308
36668.215978000 11.274593530 4.336102990 137.378587299 -0.030023252 0.151011903 -0.024691855 0.987767305
36668.417698000 11.922732546 4.478202256 139.366641574 -0.030318294 0.157635422 -0.022151399 0.986783173
36668.619418000 12.604053837 4.572729898 141.338983995 -0.023044808 0.163178774 -0.018848383 0.986147379
36668.821137000 13.282779786 4.643889197 143.309147045 -0.024186844 0.167891377 -0.017742021 0.985349005
36669.022857000 13.993844145 4.745191528 145.257493337 -0.026288255 0.172326398 -0.016566665 0.984549702
36669.224577000 14.705848008 4.850185410 147.193820167 -0.028561215 0.176703086 -0.015537620 0.983727247
36669.426297000 15.441771905 4.974506771 149.150797523 -0.026719548 0.180483475 -0.012626276 0.983134136
36669.628017000 16.190546727 5.067839360 151.098339697 -0.026626074 0.184868704 -0.009030093 0.982361145
36669.829737000 16.973907060 5.168939564 153.057800022 -0.025449356 0.189612042 -0.005269637 0.981514988
36670.031456000 17.761042042 5.274225316 154.984694048 -0.025350841 0.195147942 -0.002041923 0.980444027
36670.233176000 18.585746070 5.387850291 156.956782955 -0.025148630 0.200229886 0.002710796 0.979422611
36670.434896000 19.431018960 5.483066822 158.918992841 -0.024921319 0.205309821 0.005125601 0.978366423
36670.636616000 20.302135386 5.597332684 160.866336160 -0.025053655 0.210550902 0.009333694 0.977217505
36670.838336000 21.212030329 5.713739297 162.825205789 -0.026313542 0.215417968 0.009792001 0.976118386
36671.040056000 22.153331297 5.849818420 164.789561377 -0.027540546 0.219110311 0.009315048 0.975267095
36671.241775000 23.105162465 5.971583163 166.745142921 -0.028487715 0.223242214 0.011376232 0.974280489
36671.443495000 24.080051221 6.120095807 168.733412681 -0.022656789 0.227066439 0.011752669 0.973545116
36671.645215000 25.082086088 6.213011528 170.728020477 -0.025746255 0.229956757 0.012401282 0.972781301
36671.846935000 26.098204031 6.341913569 172.709878607 -0.030317205 0.232071603 0.010772434 0.972166402
36672.048655000 27.142147441 6.503247935 174.726077705 -0.028992924 0.233484102 0.010608956 0.971870388
36672.250374000 28.175779464 6.641349643 176.742098170 -0.029872794 0.234709067 0.010101831 0.971554186
36672.452094000 29.230979643 6.772753569 178.767474773 -0.028834238 0.235732894 0.008545599 0.971352351
36672.653814000 30.286783403 6.926682623 180.788747614 -0.028354311 0.236534630 0.006702234 0.971186159
36672.855534000 31.360525533 7.056355290 182.833240888 -0.029484301 0.237214791 0.006793279 0.970985911
36673.057254000 32.431808490 7.200273242 184.885677749 -0.029423643 0.238091568 0.007044937 0.970771643
36673.258974000 33.509150944 7.336823558 186.950321944 -0.030100358 0.238666687 0.006372658 0.970614119
36673.460693000 34.604427869 7.493322712 189.024283628 -0.029517561 0.239275757 0.006928649 0.970478121
36673.662413000 35.696246879 7.623466773 191.100557246 -0.029811714 0.239978817 0.007804829 0.970289323
36673.864133000 36.788016024 7.771262328 193.171971114 -0.028624994 0.240688462 0.008915586 0.970139249
36674.065853000 37.888876012 7.922973966 195.241836936 -0.028591212 0.241374900 0.009268200 0.969966446
36674.267573000 38.988546574 8.081506399 197.292237345 -0.029715595 0.242045720 0.009409823 0.969764310
36674.469292000 40.089474015 8.227552554 199.346939172 -0.030369745 0.242809033 0.009749744 0.969549638
36674.671012000 41.190865057 8.380378807 201.409882083 -0.028906074 0.243393924 0.009638902 0.969448948
36674.872732000 42.289820556 8.532675733 203.462541817 -0.029457304 0.244387573 0.009822654 0.969180508
36675.074453000 43.387307935 8.677350858 205.501315341 -0.030901084 0.245681849 0.011120144 0.968794541
36675.276173000 44.508976186 8.843440696 207.547222970 -0.031235115 0.247707201 0.011695884 0.968260573
36675.477892000 45.630890712 9.001387925 209.576008323 -0.031540881 0.249908608 0.012075723 0.967680593
36675.679612000 46.759389936 9.159528416 211.611731584 -0.031380632 0.251931611 0.013019636 0.967148684
36675.881332000 47.907707639 9.325553836 213.638496608 -0.030839261 0.253799502 0.012803112 0.966680424
36676.083052000 49.070032376 9.488976171 215.665242398 -0.029347259 0.255769345 0.011982823 0.966218105
36676.284772000 50.226257377 9.644519843 217.668734842 -0.030843526 0.257718490 0.013061394 0.965639782
36676.486491000 51.388309502 9.791503349 219.689567497 -0.030434970 0.259515729 0.014144607 0.965155590
36676.688211000 52.562753908 9.974357977 221.698839495 -0.029790059 0.260940486 0.014258086 0.964789659
36676.889931000 53.741322162 10.121073075 223.701400899 -0.031902306 0.262092352 0.014894304 0.964400284
36677.091651000 54.930711613 10.280713577 225.709119373 -0.029433720 0.263259934 0.015876556 0.964145105
36677.293371000 56.110694124 10.462074672 227.669992053 -0.031600159 0.264000485 0.014722090 0.963892861
36677.495091000 57.294321002 10.615276606 229.632323492 -0.033576783 0.264380833 0.013147433 0.963744580
36677.696810000 58.468947395 10.790275874 231.586623496 -0.032297169 0.264239031 0.010150671 0.963862948
36677.898530000 59.622186062 10.939516110 233.520228655 -0.032940055 0.262791340 0.010970024 0.964228223
36678.100250000 60.762593290 11.111990165 235.466254836 -0.033105980 0.262254500 0.011038504 0.964367905
36678.301970000 61.905769432 11.269547282 237.388814431 -0.033350432 0.261772264 0.009967892 0.964502109
36678.503690000 63.035562428 11.417828813 239.309533443 -0.034199301 0.260498578 0.010811835 0.964808059
36678.705409000 64.147428872 11.597153647 241.242983028 -0.034060217 0.257505697 0.011275124 0.965610652
36678.907129000 65.234486322 11.774774913 243.168530198 -0.033264839 0.252732784 0.012395250 0.966884546
36679.108850000 66.284565632 11.925110099 245.076630121 -0.031402487 0.245852771 0.014951474 0.968683123
36679.310570000 67.305467839 12.075904213 247.000082099 -0.032729174 0.237310699 0.015844499 0.970752979
36679.512290000 68.287001334 12.237685016 248.903725286 -0.033583485 0.227933335 0.015424823 0.972975205
36679.714010000 69.215417062 12.423402789 250.834849234 -0.034458682 0.217415373 0.013540467 0.975376832
36679.915729000 70.081223672 12.580216913 252.770039309 -0.034502893 0.206056489 0.014560951 0.977823285
36680.117449000 70.904334148 12.750738779 254.703915156 -0.034719481 0.194334579 0.012367424 0.980242859
36680.319169000 71.670077124 12.904218966 256.663428123 -0.035965952 0.183270419 0.012507156 0.982324942
36680.520889000 72.376070798 13.075921543 258.608217355 -0.035506629 0.172473850 0.013283370 0.984284511
36680.722609000 73.049057262 13.219698897 260.546549676 -0.035116933 0.163062707 0.013370870 0.985899881
36680.924328000 73.688809232 13.378454135 262.520257940 -0.035556718 0.154730932 0.013731208 0.987221257
36681.126048000 74.286239425 13.534530375 264.496254585 -0.035093762 0.146959930 0.013433556 0.988428404
36681.327768000 74.858083629 13.689217349 266.480573579 -0.035665945 0.139460950 0.014031619 0.989485632
36681.529488000 75.399636024 13.846635691 268.468960805 -0.036368257 0.133958645 0.014745424 0.990209587
36681.731208000 75.931955942 14.010561628 270.476121716 -0.035600361 0.129570574 0.015300986 0.990812782
36681.932927000 76.465971137 14.164541083 272.494320270 -0.037304035 0.125328673 0.015852167 0.991287002
36682.134647000 76.968833578 14.343601479 274.525451977 -0.037160555 0.120871089 0.015858783 0.991845694
36682.336367000 77.459465397 14.511429884 276.571425754 -0.037208665 0.116486066 0.016094132 0.992364573
36682.538087000 77.935155120 14.676959707 278.604798107 -0.036900979 0.111974173 0.015921641 0.992898098
36682.739807000 78.378075222 14.849121261 280.606609274 -0.038307564 0.108104445 0.016277101 0.993267838
36682.941527000 78.798159012 15.026093938 282.606345307 -0.038443633 0.104843127 0.018032115 0.993581911
36683.143247000 79.203465078 15.195859391 284.592318400 -0.037570069 0.101686340 0.019699762 0.993911665
36683.344967000 79.591732899 15.365394857 286.562128312 -0.038791675 0.098646493 0.020394307 0.994157029
36683.546687000 79.960459212 15.540149988 288.483507795 -0.037934689 0.095539898 0.021217844 0.994476185
36683.748407000 80.320209460 15.709974926 290.385305634 -0.036339542 0.092530919 0.021693911 0.994809953
36683.950127000 80.656227896 15.872855422 292.228662993 -0.035176033 0.089445399 0.022095355 0.995125082
36684.151847000 80.967140209 16.012677857 294.015899331 -0.035552490 0.086254353 0.022468076 0.995385072
36684.353566000 81.261291186 16.161143237 295.747770090 -0.035465319 0.082995224 0.022179384 0.995671737
36684.555286000 81.535121569 16.297596932 297.428869051 -0.034683955 0.079808902 0.021965504 0.995964422
36684.757006000 81.786149673 16.436235682 299.010940372 -0.034571800 0.076422071 0.021582942 0.996242301
36684.958726000 82.005611749 16.559870038 300.514579467 -0.035283909 0.072873488 0.021206723 0.996491273
36685.160446000 82.202419146 16.670035025 301.947483498 -0.035357017 0.069194905 0.021780270 0.996738473
36685.362166000 82.380980125 16.789112368 303.315172870 -0.035171019 0.065724839 0.022389805 0.996966359
36685.563885000 82.534962983 16.902198146 304.608850403 -0.035112795 0.062432362 0.023104880 0.997163712
36685.765605000 82.677880536 16.999901768 305.826247311 -0.035320684 0.059117521 0.023840575 0.997341077
36685.967325000 82.809305799 17.092837245 306.989919780 -0.035445113 0.056107630 0.024228560 0.997501174
36686.169045000 82.926475242 17.184602141 308.089831437 -0.035848864 0.053380008 0.024414689 0.997631897
36686.370765000 83.034054132 17.268927249 309.141174192 -0.035891330 0.050667678 0.024150938 0.997778192
36686.572485000 83.134588460 17.364500049 310.194667666 -0.035402309 0.047992097 0.023447281 0.997944733
36686.774204000 83.236199499 17.442267771 311.222847826 -0.035321400 0.045331120 0.022715067 0.998088934
36686.975924000 83.329293333 17.518342595 312.228051553 -0.035410415 0.042737007 0.022048028 0.998215198
36687.177644000 83.398919571 17.594993211 313.214186164 -0.035749445 0.040024084 0.021478937 0.998327962
36687.379364000 83.475712448 17.663136856 314.169544704 -0.036036458 0.036934797 0.021119115 0.998444391
36687.581084000 83.537982191 17.735326792 315.110412176 -0.036340945 0.033715517 0.020762740 0.998554711
36687.782804000 83.592764297 17.807380882 316.041027403 -0.036312170 0.030332224 0.020256946 0.998674657
36687.984524000 83.645874202 17.881385527 316.944254376 -0.036648107 0.026902690 0.019624055 0.998773283
36688.186244000 83.674499338 17.952635633 317.838694775 -0.036981014 0.022885419 0.019663854 0.998860362
36688.387964000 83.707617686 18.019544297 318.725643687 -0.037845963 0.018713271 0.019009108 0.998927510
36688.589684000 83.727415345 18.080524894 319.648842038 -0.038549338 0.013574183 0.019107640 0.998981779
36688.791404000 83.737272624 18.155845662 320.602909609 -0.039097343 0.008223705 0.019122179 0.999018571
36688.993124000 83.742586153 18.233760917 321.563749919 -0.040239345 0.002601431 0.018407721 0.999017119
36689.194843000 83.743849805 18.302092548 322.566449651 -0.042151749 -0.002822600 0.017991042 0.998945245
36689.396563000 83.743385222 18.386106388 323.598185261 -0.042888259 -0.008359357 0.016707877 0.998905196
36689.598283000 83.744666140 18.467300148 324.652898275 -0.043370615 -0.013431032 0.014563705 0.998862602
36689.800003000 83.727056478 18.552198190 325.707029848 -0.045411972 -0.018517527 0.012271316 0.998721311
36690.001723000 83.660683650 18.692152935 326.755141626 -0.048674370 -0.023737136 0.000552881 0.998532448
36690.203443000 83.613676190 18.776726712 327.825646972 -0.049984527 -0.028492040 -0.000834079 0.998343147
36690.405162000 83.559076011 18.878674969 328.929706009 -0.050189914 -0.034070966 -0.002456634 0.998155358
36690.606882000 83.496779179 18.976470444 330.107252255 -0.049007888 -0.039402440 -0.003926713 0.998013179
36690.808602000 83.383326334 19.105837998 331.320606353 -0.047076249 -0.045085676 -0.003614268 0.997866745
36691.010322000 83.271096177 19.210186131 332.606855362 -0.046516358 -0.050431899 -0.004626884 0.997632950
36691.212042000 83.108174212 19.327280267 333.969829316 -0.045572953 -0.054823936 -0.004277711 0.997446316
36691.413762000 82.925526629 19.452496945 335.402612965 -0.042935081 -0.057325522 -0.003942320 0.997424124
36691.615481000 82.745478017 19.578538125 336.918116685 -0.039503913 -0.059174047 -0.003155407 0.997460729
36691.817201000 82.545604459 19.672309826 338.418541962 -0.038428593 -0.060483617 -0.002749219 0.997425376
36692.018921000 82.348570503 19.789200563 339.969134417 -0.038358033 -0.061671167 -0.001729873 0.997357682
36692.220641000 82.143367409 19.900017791 341.567966943 -0.037971364 -0.063200213 -0.000857630 0.997277927
36692.422361000 81.940735140 20.034071493 343.222663403 -0.039381999 -0.064622098 -0.000517629 0.997132271
36692.624081000 81.706582091 20.151118787 344.927839568 -0.038963896 -0.066468733 0.000801381 0.997027172
36692.825800000 81.433376622 20.266115513 346.704543701 -0.037853400 -0.068135290 0.002491631 0.996954587
36693.027521000 81.158067611 20.384277591 348.546110988 -0.038649781 -0.069449858 0.005440315 0.996821603
36693.229241000 80.889030408 20.533281121 350.439241546 -0.039651043 -0.068065766 0.010540721 0.996836882
36693.430961000 80.620941397 20.669400694 352.390039505 -0.039218959 -0.065049509 0.012831758 0.997028498
36693.632681000 80.371110909 20.834677611 354.422571399 -0.040948227 -0.061997937 0.013372275 0.997146293
36693.834401000 80.133911645 20.996730182 356.480705103 -0.038558449 -0.059611544 0.013325024 0.997387678
36694.036120000 79.903714011 21.151708175 358.561850961 -0.039271468 -0.058010295 0.013448808 0.997452623
36694.237840000 79.665909867 21.322655121 360.676656371 -0.039565826 -0.057065201 0.013797334 0.997490728
36694.439560000 79.434655082 21.477188747 362.825494378 -0.040098465 -0.057099029 0.013042061 0.997477698
36694.641280000 79.198246390 21.648289135 365.000354064 -0.040632730 -0.058440087 0.012938650 0.997379737
36694.843000000 78.927790609 21.828844826 367.197785553 -0.040907603 -0.061907664 0.013140467 0.997156630
36695.044720000 78.625110870 22.001508475 369.417955070 -0.041390061 -0.064996527 0.014829483 0.996916440
36695.246439000 78.314889360 22.187726106 371.653648646 -0.041569209 -0.067361886 0.016024552 0.996733455
36695.448159000 78.000270087 22.373150902 373.949704370 -0.040466616 -0.069197357 0.016854381 0.996639432
36695.649879000 77.675057713 22.561743267 376.266274221 -0.040231587 -0.070780829 0.016483072 0.996543970
36695.851599000 77.338938893 22.736180536 378.595010523 -0.041219587 -0.072108877 0.017865284 0.996384493
36696.053319000 76.994547494 22.933401998 380.940667311 -0.042130678 -0.072811589 0.017701643 0.996298195
36696.255039000 76.645670950 23.131663840 383.312845370 -0.040810265 -0.073624334 0.018048230 0.996287224
36696.456758000 76.291489314 23.317321510 385.669257681 -0.039354780 -0.074170219 0.018072948 0.996304828
36696.658478000 75.934423005 23.518164151 388.038885550 -0.039829894 -0.074671054 0.015551203 0.996291122
36696.860198000 75.583346774 23.694120581 390.386702313 -0.042721188 -0.075132990 0.016341991 0.996123971
36697.061918000 75.210424277 23.899491674 392.756085385 -0.040328526 -0.074860164 0.018873487 0.996199499
36697.263638000 74.857021000 24.101927357 395.108004660 -0.041823122 -0.075154193 0.018281606 0.996126758
36697.465358000 74.498577997 24.295124818 397.479389694 -0.041985055 -0.075303994 0.017396810 0.996124438
36697.667077000 74.124967347 24.490806175 399.835864465 -0.041815005 -0.075469112 0.017361581 0.996119730
36697.868797000 73.760213313 24.682016850 402.194188670 -0.041591866 -0.075692082 0.018651205 0.996088853
36698.070517000 73.388158642 24.883110639 404.559002532 -0.042938186 -0.076009698 0.018924677 0.996002394
36698.272237000 73.020448083 25.079578155 406.918284180 -0.044095353 -0.076207488 0.020398803 0.995907618
36698.473957000 72.645701947 25.290294111 409.301077446 -0.042602959 -0.076491735 0.020321501 0.995952319
36698.675677000 72.276428049 25.491222802 411.691173899 -0.041376712 -0.076946327 0.020357312 0.995968309
36698.877396000 71.907947466 25.690480859 414.078747388 -0.041691451 -0.077513542 0.019199735 0.995934172
36699.079117000 71.531470908 25.888526033 416.468053275 -0.040985327 -0.078482930 0.018227354 0.995905807
36699.280837000 71.147709258 26.079346933 418.861671740 -0.041614136 -0.080292256 0.016310691 0.995768801
36699.482557000 70.747012662 26.286920723 421.256718301 -0.041688024 -0.083041292 0.015630026 0.995551057
36699.684277000 70.333724403 26.501384367 423.623646624 -0.041562208 -0.086599007 0.015870248 0.995249409
36699.885997000 69.914235776 26.681625600 425.986842663 -0.042083683 -0.090494613 0.015407057 0.994888072
36700.087716000 69.467253468 26.896009461 428.323372136 -0.041955569 -0.093784865 0.015902045 0.994580986
36700.289436000 69.018146591 27.098023918 430.631818911 -0.041243832 -0.096516845 0.015119843 0.994361540
36700.491156000 68.566179321 27.284118898 432.917944689 -0.041718895 -0.099611347 0.014748607 0.994042083
36700.692876000 68.092426020 27.492283180 435.158978897 -0.042665865 -0.102311274 0.015361081 0.993718285
36700.894596000 67.613694656 27.690289468 437.406768517 -0.043698385 -0.104689968 0.015953208 0.993416282
36701.096316000 67.129799858 27.893673688 439.623270559 -0.044267906 -0.107020694 0.016452245 0.993134546
36701.298035000 66.642275142 28.099827826 441.834307161 -0.043231360 -0.109354116 0.015856529 0.992935689
36701.499755000 66.150663356 28.299584107 444.026535630 -0.042602416 -0.111646558 0.015169861 0.992718496
36701.701475000 65.653621509 28.480621782 446.186554661 -0.042286647 -0.113665727 0.014901087 0.992506929
36701.903195000 65.138826431 28.661334799 448.335023014 -0.042931789 -0.115941871 0.016557312 0.992189645
36702.104915000 64.615028412 28.847657110 450.455059816 -0.045881996 -0.118195711 0.019025522 0.991747300
36702.306635000 64.084235836 29.072347720 452.538716134 -0.046251245 -0.121148276 0.019828158 0.991358128
36702.508354000 63.564805140 29.244342421 454.631443122 -0.045339435 -0.124554010 0.020176622 0.990971074
36702.710074000 63.024474676 29.439948299 456.684379608 -0.044859663 -0.128790786 0.019084754 0.990472772
36702.911794000 62.472031116 29.626551851 458.735160850 -0.043348516 -0.134193450 0.019566991 0.989813205
36703.113514000 61.890849550 29.809189910 460.737714693 -0.044977456 -0.138690623 0.020027510 0.989111161
36703.315234000 61.313206211 29.984190898 462.731357601 -0.046985688 -0.143907628 0.019221299 0.988288188
36703.516954000 60.715811282 30.178642175 464.693657977 -0.047178862 -0.148309551 0.018851618 0.987635116
36703.718673000 60.101053900 30.365943116 466.642439240 -0.045391347 -0.151935682 0.018078989 0.987181940
36703.920393000 59.495616875 30.543932698 468.543497550 -0.045592245 -0.154623710 0.017540956 0.986764951
36704.122113000 58.887966276 30.721766012 470.417203893 -0.046387786 -0.157404899 0.017210024 0.986293996
36704.323833000 58.279774892 30.910440853 472.252895574 -0.046945022 -0.160008326 0.016512892 0.985860493
36704.525553000 57.662754009 31.094214896 474.057231843 -0.046823463 -0.162615300 0.015936857 0.985449026
36704.727273000 57.041517917 31.271268641 475.829179074 -0.049475286 -0.165331172 0.016842818 0.984852259
36704.928992000 56.394984330 31.476966404 477.604825957 -0.047648863 -0.168316842 0.018018906 0.984415733
36705.130713000 55.759508546 31.622046465 479.353495876 -0.047665946 -0.171044990 0.019487614 0.983916685
36705.332433000 55.136207324 31.779195749 481.086277779 -0.050260745 -0.173699605 0.019285407 0.983326389
36705.534153000 54.501975257 31.965606233 482.820577125 -0.051195751 -0.175875048 0.016920464 0.982934708
36705.735873000 53.870932727 32.147829509 484.551352511 -0.048047330 -0.176367892 0.015068400 0.983035554
36705.937593000 53.234582441 32.307965422 486.270897314 -0.047516457 -0.175835610 0.014417025 0.983166427
36706.139312000 52.594589354 32.477421334 488.000351157 -0.045698272 -0.174889515 0.014834984 0.983415304
36706.341032000 51.951649964 32.655633089 489.717338784 -0.044971806 -0.173642284 0.016494244 0.983643273
36706.542752000 51.281158135 32.804686078 491.520467291 -0.038158700 -0.173657240 0.019576061 0.983872037
36706.744472000 50.659803868 32.915610989 493.268412607 -0.041861904 -0.171681548 0.017559878 0.984106049
36706.946192000 50.049193556 33.040831721 494.971705449 -0.048702085 -0.170119372 0.014869606 0.984107127
36707.147912000 49.426017741 33.251502042 496.755200304 -0.049263047 -0.168492502 0.016228460 0.984337385
36707.349632000 48.810594130 33.432887609 498.506324140 -0.050711174 -0.166761609 0.016914843 0.984547192
36707.551351000 48.186426394 33.617491489 500.292491011 -0.051274594 -0.165724929 0.017739753 0.984678383
36707.753071000 47.561609850 33.785495214 502.095749431 -0.050117317 -0.164664854 0.019888920 0.984874726
36707.954791000 46.938330003 33.969429377 503.907116127 -0.050120931 -0.164389686 0.017902018 0.984958669
36708.156511000 46.315665835 34.157161821 505.741180609 -0.048344278 -0.164113335 0.016695468 0.985114583
36708.358231000 45.686083432 34.341139040 507.588502532 -0.048458763 -0.164342668 0.015825713 0.985085199
36708.559951000 45.044477137 34.511526391 509.442390390 -0.047938270 -0.164916091 0.016081638 0.985010765
36708.761671000 44.396359770 34.693228276 511.327647971 -0.048821774 -0.165485647 0.015815778 0.984876047
36708.963390000 43.715369019 34.874975613 513.204502272 -0.050050176 -0.166481139 0.015767015 0.984647548
36709.165110000 43.046634707 35.063635825 515.095984956 -0.051074646 -0.167893669 0.016307290 0.984346196
36709.366830000 42.363833217 35.259687161 517.007816504 -0.051093907 -0.169070085 0.016817471 0.984135159
36709.568550000 41.678503999 35.460855654 518.928632035 -0.050916646 -0.170307777 0.016918570 0.983929368
36709.770270000 40.986693182 35.660254808 520.849344227 -0.051338325 -0.171668421 0.016944074 0.983670296
36709.971990000 40.277681961 35.845677235 522.781534285 -0.051770185 -0.173467968 0.017248522 0.983326654
36710.173709000 39.566941841 36.047061989 524.723681155 -0.051951101 -0.175724154 0.016930901 0.982922108
36710.375429000 38.833285609 36.253317060 526.673401522 -0.050780722 -0.177957494 0.016669287 0.982585653
36710.577149000 38.097984346 36.440880244 528.609374215 -0.052358799 -0.180549213 0.014741118 0.982060605
36710.778869000 37.344385590 36.645653316 530.548697665 -0.049167963 -0.183555148 0.016513357 0.981640177
36710.980589000 36.574230327 36.853646895 532.472267950 -0.049060212 -0.186359966 0.018506912 0.981081495
36711.182309000 35.809040753 37.042914020 534.350261398 -0.053855505 -0.189453435 0.019525335 0.980217157
36711.384028000 35.033206918 37.254207836 536.234879615 -0.051596290 -0.192650102 0.019773214 0.979710645
36711.585748000 34.272037651 37.460696956 538.074284212 -0.051075793 -0.195803968 0.017948307 0.979147770
36711.787468000 33.498827523 37.646133613 539.892736108 -0.051519092 -0.198951343 0.017623206 0.978495917
36711.989189000 32.723937983 37.837091751 541.682758103 -0.050156792 -0.201992924 0.018428882 0.977928397
36712.190909000 31.955405268 38.032502047 543.430753505 -0.049865722 -0.204715961 0.019116661 0.977363432
