36739.019651000 0.000000000 0.000000000 0.000000000 0.000000000 0.000000000 0.000000000 1.000000000
36739.221371000 -0.002845034 -0.003183827 0.310586769 -0.000803136 -0.001217286 -0.000388677 0.999998861
36739.423091000 -0.009852187 -0.003086937 0.745186414 -0.001191339 -0.002559999 -0.000504663 0.999995886
36739.624811000 -0.016107063 -0.008691670 1.276144720 0.000156776 -0.004353544 -0.000253433 0.999990479
36739.826531000 -0.025732706 -0.012731306 1.848293572 0.001044785 -0.006001426 -0.000339215 0.999981388
36740.028251000 -0.033323985 -0.019607592 2.471922258 0.000680532 -0.007874833 -0.000781574 0.999968456
36740.229971000 -0.052145441 -0.020856257 3.145472231 0.000580904 -0.009555009 -0.000422472 0.999954092
36740.431691000 -0.075620389 -0.027734946 3.854195280 -0.000295549 -0.010658437 -0.000405420 0.999943071
36740.633411000 -0.095243716 -0.037699805 4.636645128 -0.001184309 -0.010942005 -0.000176883 0.999939418
36740.835131000 -0.102817474 -0.035329475 5.483606611 -0.001539139 -0.010980309 -0.000630325 0.999938332
36741.036851000 -0.120042721 -0.031573582 6.438633714 -0.000854074 -0.011233659 -0.001074828 0.999935958
36741.238570000 -0.143090599 -0.036868975 7.467859876 -0.001274223 -0.011517227 -0.001383702 0.999931906
36741.440290000 -0.155535036 -0.037478793 8.551419069 -0.001008994 -0.011199913 -0.001906600 0.999934953
36741.642010000 -0.176713426 -0.048755255 9.694729778 -0.001220595 -0.011384219 -0.002107125 0.999932233
36741.843730000 -0.197989344 -0.051032510 10.913059194 -0.000638949 -0.011411283 -0.002518242 0.999931514
36742.045450000 -0.226162661 -0.057361910 12.178246245 -0.000093454 -0.012036458 -0.002472072 0.999924499
36742.247170000 -0.255971257 -0.055632538 13.488607991 0.001025082 -0.014036281 -0.003318346 0.999895455
36742.448889000 -0.300355184 -0.064879117 14.840447517 0.002612280 -0.016146344 -0.003376734 0.999860526
36742.650609000 -0.337089757 -0.093994518 16.234292026 0.003376924 -0.019378894 -0.003862691 0.999799047
36742.852329000 -0.389845054 -0.083931251 17.650125520 0.003473335 -0.021353135 -0.005288598 0.999751976
36743.054049000 -0.471664639 -0.129541890 19.107768157 0.002387631 -0.025104119 -0.006132422 0.999663183
36743.255769000 -0.528472173 -0.127087884 20.657768930 0.002298362 -0.028265166 -0.007740951 0.999567845
36743.457489000 -0.640974936 -0.132687653 22.225998507 0.003210063 -0.032333558 -0.007628347 0.999442865
36743.659209000 -0.743055370 -0.141190019 23.847203417 0.003111735 -0.036646198 -0.009601627 0.999277330
36743.860928000 -0.887964222 -0.154433512 25.504244654 0.003499799 -0.042009895 -0.010585864 0.999054976
36744.062648000 -1.010732976 -0.176978831 27.163512421 0.000521313 -0.047144519 -0.016871877 0.998745442
36744.264368000 -1.181879618 -0.171722342 28.865148937 0.000459745 -0.052642107 -0.023085394 0.998346460
36744.466088000 -1.357744317 -0.167549664 30.597989905 0.000671680 -0.057640801 -0.028842050 0.997920481
36744.667808000 -1.582049088 -0.166183020 32.348390458 0.003085830 -0.063334751 -0.027494562 0.997608758
36744.869528000 -1.821149890 -0.171158250 34.108787501 0.002632898 -0.068989239 -0.026803487 0.997253817
36745.071247000 -2.100997014 -0.192983708 35.906041990 0.003660480 -0.074581801 -0.025343991 0.996886098
36745.272967000 -2.383572157 -0.188113669 37.761978118 0.004854708 -0.079206866 -0.025316684 0.996524861
36745.474687000 -2.707146601 -0.219090714 39.633535938 0.004116552 -0.083917106 -0.024394518 0.996165570
36745.676407000 -3.053420160 -0.235877774 41.572079853 0.009270644 -0.088008044 -0.022227997 0.995828611
36745.878127000 -3.407343754 -0.254242197 43.543701475 0.009331074 -0.091386316 -0.022029547 0.995528146
36746.079847000 -3.818236989 -0.292166293 45.536693445 0.009113473 -0.095251250 -0.021009993 0.995189768
36746.281566000 -4.247134076 -0.294944186 47.563148621 0.008137352 -0.099023868 -0.019117416 0.994868134
36746.483286000 -4.638420036 -0.372002951 49.648700948 0.006413552 -0.102420147 -0.007944623 0.994688786
36746.685006000 -5.119303539 -0.382832450 51.751786944 0.006862009 -0.105053305 -0.004684080 0.994431898
36746.886726000 -5.601011118 -0.388633809 53.885638630 0.003123772 -0.106850214 -0.002470835 0.994267151
36747.088447000 -6.085067996 -0.400190093 56.048105008 0.001592014 -0.108172266 -0.002152259 0.994128528
36747.290167000 -6.564241352 -0.407569950 58.249418826 0.000795331 -0.109456748 -0.002811807 0.993987286
36747.491886000 -7.070173344 -0.417829061 60.468088085 0.000390280 -0.110300837 -0.002402958 0.993895354
36747.693606000 -7.573076427 -0.424283549 62.730389982 0.000834334 -0.109888303 -0.002097554 0.993941416
36747.895326000 -8.074718654 -0.436976028 65.001151908 0.000288197 -0.109377668 -0.002153711 0.993997868
36748.097046000 -8.578327190 -0.437964544 67.301580734 0.000047235 -0.108981467 -0.002423129 0.994040822
36748.298766000 -9.096537005 -0.430120454 69.631375105 0.000621311 -0.109063100 -0.003300116 0.994029197
36748.500485000 -9.610162807 -0.438323122 71.982689582 0.001481321 -0.109214631 -0.003735186 0.994010113
36748.702205000 -10.135317901 -0.443753830 74.360942571 0.001226668 -0.109506709 -0.004799133 0.993973795
36748.903925000 -10.666533330 -0.437440375 76.747638797 0.001402235 -0.109590259 -0.005543871 0.993960420
36749.105645000 -11.186807357 -0.439673213 79.144125312 0.002645023 -0.109338368 -0.006354645 0.993980804
36749.307365000 -11.709344535 -0.443935468 81.521835193 0.002002146 -0.109136457 -0.007023309 0.993999992
36749.509085000 -12.252801757 -0.437869270 83.914868080 0.002297438 -0.109036284 -0.006742398 0.994012359
36749.710804000 -12.781628778 -0.435949811 86.304326807 0.001960976 -0.109041960 -0.006923716 0.994011125
36749.912524000 -13.312907021 -0.438870776 88.698367746 0.001458865 -0.109121671 -0.007167644 0.994001472
36750.114244000 -13.846591661 -0.435087552 91.090064263 0.001102957 -0.108901117 -0.005596127 0.994036218
36750.315964000 -14.386308144 -0.430051697 93.482310156 0.001512876 -0.107752281 -0.004040886 0.994168390
36750.517684000 -14.906774218 -0.438717028 95.880098923 -0.000136711 -0.106339487 -0.002937816 0.994325615
36750.719403000 -15.431858110 -0.420184044 98.306312416 0.000044475 -0.104416299 -0.002309681 0.994531042
36750.921123000 -15.931689989 -0.416256348 100.705332423 0.000830282 -0.102843586 -0.001172615 0.994696488
36751.122843000 -16.428273152 -0.421032246 103.132370313 0.000111861 -0.102472422 -0.001685510 0.994734412
36751.324563000 -16.914285893 -0.409789779 105.519115412 -0.000493372 -0.101894888 -0.003029709 0.994790451
36751.526283000 -17.403976464 -0.395144356 107.938646058 -0.000495265 -0.101116978 -0.004471315 0.994864334
36751.728003000 -17.885560202 -0.385716377 110.377482807 -0.000499247 -0.100041518 -0.006175825 0.994964026
36751.929722000 -18.360673139 -0.370221568 112.798435624 -0.001634679 -0.099379630 -0.007225369 0.995022062
36752.131443000 -18.850688527 -0.345758789 115.248595325 0.000619250 -0.099124355 -0.006980414 0.995050395
36752.333163000 -19.339891934 -0.351044399 117.713910141 0.000425925 -0.098697392 -0.007721705 0.995087477
36752.534883000 -19.814495257 -0.348384918 120.135493802 -0.000761440 -0.098256648 -0.008585231 0.995123764
36752.736603000 -20.275906914 -0.328065918 122.550687261 -0.001550404 -0.097495318 -0.010186969 0.995182643
36752.938322000 -20.739891883 -0.303286243 124.980750249 -0.001947770 -0.096489276 -0.010862344 0.995272868
36753.140042000 -21.207540354 -0.285264231 127.402470259 -0.001329646 -0.095785013 -0.011631027 0.995333218
36753.341762000 -21.667717204 -0.253348465 129.817201019 -0.000932004 -0.095064148 -0.011666953 0.995402353
36753.543482000 -22.127493990 -0.232372540 132.221566041 -0.000713885 -0.095990172 -0.011838617 0.995311628
36753.745202000 -22.593132102 -0.224819432 134.588317478 -0.001663548 -0.098729210 -0.011444024 0.995047196
36753.946921000 -23.068516519 -0.199438590 136.940846142 -0.003365050 -0.101524057 -0.012256175 0.994751940
36754.148641000 -23.557794093 -0.167582468 139.288989371 -0.004701687 -0.104961435 -0.012763434 0.994383234
36754.350361000 -24.071726810 -0.120785471 141.627916145 -0.007486847 -0.108182914 -0.011631376 0.994034792
36754.552081000 -24.598138975 -0.073994921 143.971941542 -0.005519993 -0.111058141 -0.009179075 0.993756237
36754.753801000 -25.136634378 -0.037356293 146.318650033 -0.004805528 -0.114053413 -0.007686588 0.993433313
36754.955521000 -25.688626512 -0.013573192 148.661725836 -0.004894238 -0.116546754 -0.008829459 0.993133892
36755.157240000 -26.251285358 0.029967547 151.000241211 -0.005446169 -0.118170612 -0.010099814 0.992927020
36755.358960000 -26.818322900 0.064187311 153.359574021 -0.005724397 -0.118996141 -0.010624473 0.992821363
36755.560680000 -27.384492320 0.093733855 155.723155938 -0.005780103 -0.118857326 -0.010963871 0.992833972
36755.762400000 -27.962707459 0.132236950 158.099711973 -0.005510169 -0.118513026 -0.011658489 0.992868801
36755.964121000 -28.536688269 0.184400532 160.475062771 -0.005488173 -0.118124590 -0.012199178 0.992908732
36756.165840000 -29.115335001 0.218771405 162.866731746 -0.006568163 -0.117615335 -0.011672087 0.992968925
36756.367560000 -29.696814523 0.275663911 165.280178911 -0.007546622 -0.117086216 -0.012133899 0.993018979
36756.569280000 -30.270115110 0.324943215 167.697932184 -0.007202593 -0.116561459 -0.011501494 0.993090858
36756.771000000 -30.842706617 0.366230942 170.120517668 -0.008141698 -0.115757771 -0.010945861 0.993183891
36756.972720000 -31.410144144 0.404984179 172.574483949 -0.008804323 -0.115006113 -0.011043270 0.993264447
36757.174439000 -31.971628170 0.459553804 175.045761649 -0.009844261 -0.114132593 -0.011709725 0.993347719
36757.376159000 -32.530034343 0.514835272 177.521469571 -0.010564457 -0.113108918 -0.012671430 0.993445681
36757.577879000 -33.085422353 0.572110578 180.030229215 -0.009898250 -0.112011044 -0.014206837 0.993556163
36757.779599000 -33.638011715 0.657814815 182.542092718 -0.007479800 -0.111182103 -0.016705208 0.993631516
36757.981319000 -34.184138707 0.681013560 185.069767296 -0.010252756 -0.109728048 -0.020278670 0.993701945
36758.183039000 -34.743315481 0.754404629 187.605255888 -0.008039047 -0.108637323 -0.021896139 0.993807777
36758.384758000 -35.292496302 0.808061451 190.150500129 -0.008074558 -0.107331466 -0.023274068 0.993918130
36758.586478000 -35.850459471 0.846001381 192.716895679 -0.004671472 -0.106952289 -0.018648150 0.994078279
36758.788198000 -36.417235755 0.902614065 195.272907061 -0.004675466 -0.106649952 -0.014347847 0.994182102
36758.989918000 -36.981991466 0.939892441 197.824926374 -0.006878541 -0.106583574 -0.013799789 0.994184148
36759.191638000 -37.526026637 0.992023557 200.387339090 -0.010594500 -0.106776868 -0.014410308 0.994122172
36759.393357000 -38.083624309 1.048907779 202.984747211 -0.010403557 -0.106557022 -0.014031999 0.994153163
36759.595077000 -38.639618358 1.111186199 205.571374561 -0.007226988 -0.106604110 -0.013790115 0.994179650
36759.796797000 -39.192293974 1.179198507 208.150759715 -0.007633605 -0.106530966 -0.013252056 0.994191805
36759.998518000 -39.745966365 1.229182246 210.722573345 -0.008135658 -0.106218420 -0.013334380 0.994220151
36760.200238000 -40.296247773 1.297602984 213.311538840 -0.008381041 -0.105890068 -0.014637632 0.994234786
36760.401958000 -40.839312464 1.358981331 215.877146137 -0.008396992 -0.105484487 -0.015579288 0.994263446
36760.603677000 -41.374830930 1.408111974 218.413906518 -0.007820571 -0.104999016 -0.014930143 0.994329526
36760.805397000 -41.915422074 1.470744934 220.950850617 -0.008003652 -0.104469432 -0.015288426 0.994378362
36761.007117000 -42.451965653 1.531832254 223.475609454 -0.008287907 -0.103935055 -0.015145998 0.994434197
36761.208837000 -42.991289094 1.594748963 226.007948865 -0.007823206 -0.103606294 -0.014936734 0.994475533
36761.410557000 -43.523079488 1.663546077 228.544573949 -0.008208666 -0.103281957 -0.015148847 0.994502900
36761.612277000 -44.044180509 1.725646478 231.069119833 -0.007993941 -0.103094635 -0.015661085 0.994516179
36761.813996000 -44.559981252 1.785815140 233.584115373 -0.009194915 -0.102811212 -0.016543191 0.994520763
36762.015716000 -45.057351931 1.849806677 236.090142792 -0.009600218 -0.102299256 -0.017740467 0.994549133
36762.217436000 -45.575472747 1.905048395 238.609833300 -0.010822653 -0.101437660 -0.019604612 0.994589807
36762.419156000 -46.084357207 1.982739894 241.126537355 -0.011435222 -0.100803466 -0.020484874 0.994629762
36762.620876000 -46.614393484 2.064821394 243.661264866 -0.008610443 -0.101044436 -0.019769880 0.994648214
36762.822596000 -47.133455708 2.103402950 246.175536599 -0.009601311 -0.101005527 -0.019156070 0.994655130
36763.024315000 -47.642463994 2.174614442 248.683401919 -0.008662630 -0.101328868 -0.017983399 0.994652696
36763.226035000 -48.163608360 2.222529759 251.184443692 -0.008377765 -0.101480275 -0.016641085 0.994663136
36763.427755000 -48.666556153 2.273487602 253.674103329 -0.011326879 -0.101560729 -0.015375508 0.994646039
36763.629475000 -49.182761569 2.352346069 256.195184076 -0.011261091 -0.101803732 -0.015703380 0.994616852
36763.831195000 -49.687471412 2.427946177 258.684093229 -0.011731732 -0.101855242 -0.016040266 0.994600702
36764.032915000 -50.197405672 2.492022132 261.185103592 -0.011210752 -0.102233547 -0.015462674 0.994577118
36764.234634000 -50.716158216 2.561069736 263.679422148 -0.013100850 -0.102416265 -0.016091332 0.994525205
36764.436354000 -51.226455309 2.659790603 266.173439705 -0.012282734 -0.102661726 -0.016064774 0.994510727
36764.638074000 -51.744865103 2.724671997 268.668292881 -0.011288647 -0.102879347 -0.016085400 0.994499745
36764.839794000 -52.263570415 2.812310350 271.167928287 -0.013413951 -0.102835844 -0.017899834 0.994446896
36765.041515000 -52.784758039 2.900339881 273.668799957 -0.013015945 -0.103108921 -0.017581054 0.994429522
36765.243235000 -53.300931787 2.975746525 276.170347298 -0.014128829 -0.103118066 -0.017278879 0.994418660
36765.444955000 -53.815385127 3.064222562 278.654894728 -0.013550249 -0.103007524 -0.016840211 0.994445721
36765.646674000 -54.330242930 3.141011101 281.130522228 -0.013461714 -0.103065747 -0.015461178 0.994463310
36765.848394000 -54.846973601 3.214378997 283.603846207 -0.013827220 -0.102844433 -0.013294167 0.994512543
36766.050114000 -55.357233938 3.295592057 286.087336402 -0.012970907 -0.102548314 -0.013068812 0.994557670
36766.251834000 -55.857779034 3.373845744 288.553753579 -0.014200546 -0.102287918 -0.014950882 0.994541173
36766.453554000 -56.359283738 3.454254653 291.031198311 -0.014884722 -0.102200428 -0.016129553 0.994521715
36766.655274000 -56.872091961 3.535993062 293.492217039 -0.016629054 -0.102018103 -0.016407396 0.994508247
36766.856993000 -57.383533795 3.651382637 295.991668753 -0.015163131 -0.102373204 -0.017692600 0.994473078
36767.058713000 -57.883288680 3.744224588 298.449427996 -0.014634592 -0.103128728 -0.018310565 0.994391821
36767.260433000 -58.395443422 3.821124181 300.922793151 -0.014177411 -0.103584751 -0.018676945 0.994344216
36767.462153000 -58.901198152 3.898302083 303.386095249 -0.014773448 -0.104063076 -0.019005101 0.994279364
36767.663873000 -59.424566887 3.991529943 305.843320648 -0.014835049 -0.104619991 -0.018698471 0.994225856
36767.865593000 -59.955470358 4.097401348 308.299458811 -0.014511308 -0.105166572 -0.018575511 0.994175229
36768.067312000 -60.471019167 4.196438360 310.753342015 -0.015671827 -0.105582978 -0.019494527 0.994095865
36768.269032000 -60.984443218 4.260815388 313.211464491 -0.016333039 -0.105958395 -0.020244993 0.994030304
36768.470752000 -61.498222882 4.369863354 315.673125931 -0.015574198 -0.107230459 -0.022977062 0.993846630
36768.672472000 -62.025990064 4.455305447 318.126331252 -0.015675563 -0.109154237 -0.023784397 0.993616580
36768.874192000 -62.574081809 4.557877736 320.570233873 -0.015781279 -0.111523797 -0.024498351 0.993334478
36769.075912000 -63.136442319 4.650451743 323.020335332 -0.014143603 -0.113795947 -0.024930482 0.993090608
36769.277631000 -63.702868684 4.755775322 325.454022099 -0.014294279 -0.115220885 -0.024966890 0.992923302
36769.479351000 -64.263389103 4.824982345 327.915413645 -0.014350514 -0.115792509 -0.026112782 0.992826476
36769.681071000 -64.840496423 4.926192329 330.367572799 -0.013125581 -0.117101716 -0.025815811 0.992697680
36769.882791000 -65.426540533 5.009984834 332.809041236 -0.013610049 -0.117956447 -0.026161915 0.992580869
36770.084511000 -66.033173249 5.084808895 335.256094261 -0.013787187 -0.120787444 -0.025584334 0.992252867
36770.286231000 -66.663994658 5.189424113 337.719786605 -0.011004091 -0.124242126 -0.021579979 0.991956212
36770.487950000 -67.307372003 5.274840775 340.144648231 -0.012000250 -0.127926391 -0.019887618 0.991511592
36770.689670000 -67.964541605 5.352592413 342.578811710 -0.013015856 -0.131654664 -0.018848517 0.991030984
36770.891390000 -68.638583053 5.435382978 345.032913711 -0.013070258 -0.135394363 -0.017958401 0.990542847
36771.093111000 -69.314869681 5.514205997 347.470634984 -0.014328257 -0.139103695 -0.017814691 0.990013810
36771.294831000 -70.011949409 5.597381246 349.898998374 -0.012230886 -0.142323855 -0.017157415 0.989595968
36771.496551000 -70.720142808 5.674706514 352.324517477 -0.010314778 -0.145343226 -0.016438911 0.989190975
36771.698270000 -71.458673276 5.760232111 354.757420310 -0.014581539 -0.147369924 -0.018306443 0.988804625
36771.899990000 -72.210366030 5.853574771 357.183937290 -0.013929869 -0.149655422 -0.015841859 0.988513237
36772.101710000 -72.979529645 5.962318450 359.598588790 -0.014173261 -0.151300315 -0.014573195 0.988278720
36772.303430000 -73.744074171 6.047194896 362.036093005 -0.013954721 -0.153090633 -0.014305579 0.988010079
36772.505150000 -74.506653001 6.155352924 364.441705039 -0.013140356 -0.154664864 -0.014532694 0.987772822
36772.706870000 -75.271809478 6.221512328 366.849303355 -0.013131625 -0.156200210 -0.014803576 0.987527096
36772.908589000 -76.038973884 6.293883320 369.248281055 -0.013546596 -0.157013329 -0.015047642 0.987388984
36773.110309000 -76.828072758 6.400351480 371.625306153 -0.013302997 -0.157100586 -0.015068027 0.987378099
36773.312029000 -77.622780853 6.495604766 374.021935607 -0.013617270 -0.157293204 -0.014364057 0.987353502
36773.513749000 -78.404501082 6.572958356 376.432804228 -0.014158036 -0.157210596 -0.014086432 0.987363162
36773.715469000 -79.179589366 6.671411548 378.843604589 -0.014544753 -0.157061105 -0.014878974 0.987369746
36773.917189000 -79.971728770 6.766958467 381.283907302 -0.014112103 -0.157143069 -0.016024805 0.987345033
36774.118909000 -80.752638153 6.858269236 383.706099982 -0.014024075 -0.157062968 -0.016299331 0.987354355
36774.320628000 -81.553646549 6.955399118 386.138876838 -0.013144478 -0.157133429 -0.016114588 0.987358399
36774.522348000 -82.334634463 7.019436450 388.535786250 -0.016181894 -0.156953556 -0.017532498 0.987317819
36774.724068000 -83.106277813 7.142347909 390.982579977 -0.015575768 -0.156999838 -0.018710721 0.987298614
36774.925788000 -83.890031587 7.243592775 393.414370817 -0.014433037 -0.156483782 -0.019142297 0.987389505
36775.127508000 -84.677732464 7.330009560 395.864087130 -0.015528612 -0.155988591 -0.019476063 0.987444806
36775.329228000 -85.467048928 7.437868827 398.321627584 -0.014077566 -0.155586574 -0.017695184 0.987563532
36775.530947000 -86.243019541 7.483830161 400.760597916 -0.014270583 -0.155326814 -0.016626152 0.987620084
36775.732667000 -87.018175462 7.590675786 403.214971065 -0.015403574 -0.154906051 -0.016769436 0.987666815
36775.934387000 -87.798669550 7.698689179 405.663465406 -0.014909656 -0.154542703 -0.016380706 0.987737807
36776.136108000 -88.583107073 7.792243886 408.097337797 -0.015767040 -0.154201383 -0.015940707 0.987784978
36776.337828000 -89.359804671 7.905712092 410.558515764 -0.015423492 -0.153998855 -0.016602958 0.987811222
36776.539548000 -90.131756462 8.012228006 413.015338063 -0.015100156 -0.153596759 -0.016961233 0.987872707
36776.741267000 -90.900349983 8.104065628 415.456136209 -0.015703624 -0.153210085 -0.017467482 0.987914518
36776.942987000 -91.669996890 8.222213493 417.897316193 -0.015200093 -0.152718953 -0.018004659 0.987988682
36777.144707000 -92.426293679 8.313844450 420.316946736 -0.014444311 -0.152485319 -0.018168424 0.988033164
36777.346427000 -93.176879178 8.418569284 422.721190770 -0.012870153 -0.152255875 -0.018146868 0.988090857
36777.548147000 -93.934767860 8.507490296 425.092231524 -0.013659531 -0.152204070 -0.017820469 0.988094070
36777.749867000 -94.677069814 8.592643304 427.443145770 -0.014545422 -0.152412037 -0.017354275 0.988057734
36777.951586000 -95.412363067 8.697388225 429.786101641 -0.013294497 -0.153069162 -0.017427892 0.987972405
36778.153306000 -96.145551861 8.791791930 432.069096806 -0.013453995 -0.153631439 -0.016489482 0.987899099
36778.355026000 -96.878559627 8.914418810 434.316611613 -0.014032611 -0.154035658 -0.015204187 0.987848721
36778.556746000 -97.583560174 9.016437627 436.512176750 -0.014670170 -0.154779015 -0.014438921 0.987734698
36778.758466000 -98.294697408 9.140290004 438.659595408 -0.015654003 -0.156408839 -0.013715839 0.987473255
36778.960186000 -99.005400520 9.244945289 440.754635542 -0.016025719 -0.159551386 -0.012667345 0.986978361
36779.161905000 -99.700852776 9.336240220 442.799959666 -0.016877748 -0.163309173 -0.011969188 0.986357935
36779.363625000 -100.403592938 9.419148152 444.792445315 -0.018014695 -0.167365583 -0.011395622 0.985664458
36779.565345000 -101.098867678 9.504684124 446.749232716 -0.017061029 -0.172117057 -0.011391276 0.984862872
36779.767065000 -101.801917885 9.595377365 448.667130463 -0.016793195 -0.177254712 -0.011852228 0.983950422
36779.968785000 -102.539090135 9.672913514 450.574228572 -0.015951625 -0.182695708 -0.011459615 0.982973395
36780.170505000 -103.284434561 9.777501364 452.459134744 -0.016424975 -0.187113562 -0.010960711 0.982139930
36780.372224000 -104.069966106 9.854052659 454.332172859 -0.018438964 -0.190922577 -0.008828750 0.981392347
36780.573944000 -104.828319015 9.965944539 456.223003294 -0.026222480 -0.193963484 -0.009878003 0.980608484
36780.775664000 -105.629235647 10.045680512 458.161102826 -0.025842110 -0.196650535 -0.010343454 0.980078369
36780.977384000 -106.426924619 10.157535176 460.122822001 -0.023087794 -0.199113305 -0.013298408 0.979614253
36781.179104000 -107.263596966 10.280495735 462.107164373 -0.024085141 -0.200693079 -0.015909926 0.979228715
36781.380824000 -108.118928504 10.380419064 464.126975361 -0.022863610 -0.201656344 -0.018495896 0.979014949
36781.582544000 -108.986873955 10.519930140 466.160640048 -0.023908707 -0.201058855 -0.020779850 0.979067142
36781.784263000 -109.848464644 10.623239075 468.205405831 -0.024031681 -0.199413405 -0.022942722 0.979352154
36781.985983000 -110.720628873 10.772830548 470.293509771 -0.020776164 -0.196962243 -0.021974988 0.979944642
36782.187703000 -111.582491267 10.891677218 472.397064247 -0.018577267 -0.192569010 -0.022227599 0.980855794
36782.389423000 -112.420776503 10.998931362 474.518616790 -0.018740449 -0.188197814 -0.023179229 0.981678843
36782.591143000 -113.253058391 11.094211410 476.661996561 -0.018588508 -0.182742979 -0.022342025 0.982731280
36782.792863000 -114.062850357 11.209784527 478.815645170 -0.019108960 -0.177446961 -0.022643688 0.983684293
36782.994582000 -114.836572375 11.323161840 480.989773410 -0.019304036 -0.174846943 -0.024623609 0.984098324
36783.196302000 -115.627014161 11.434544996 483.166666303 -0.019221573 -0.173539300 -0.026315718 0.984287753
36783.398022000 -116.403525178 11.543101240 485.352013855 -0.018725774 -0.172487381 -0.027404005 0.984452483
36783.599742000 -117.187418631 11.656128305 487.542649075 -0.018369495 -0.171366698 -0.028080812 0.984635826
36783.801462000 -117.976028579 11.776249463 489.733741497 -0.018409054 -0.169820876 -0.027578300 0.984917105
36784.003183000 -118.747402038 11.884851836 491.935912167 -0.018813507 -0.168074888 -0.026860774 0.985228660
36784.204902000 -119.508130173 11.987792540 494.138828937 -0.019743104 -0.166350902 -0.026574081 0.985510872
36784.406622000 -120.274622749 12.119944337 496.342433807 -0.020662603 -0.164794851 -0.026654845 0.985751150
36784.608342000 -121.037990289 12.256043788 498.560649100 -0.019221736 -0.162904926 -0.026384601 0.986101735
36784.810062000 -121.784098672 12.377856896 500.763151837 -0.019303358 -0.160929565 -0.026042611 0.986433511
36785.011782000 -122.507971076 12.490821814 502.972897016 -0.019332777 -0.159284258 -0.025782777 0.986706574
36785.213502000 -123.233474881 12.617097673 505.156969434 -0.018780248 -0.157061576 -0.024732979 0.987100529
