36607.461507314 -0.01289 -0.00483 0.12041 -0.00021 0.00005 0.00038 1.00000
36607.471561913 -0.01434 -0.01111 0.20132 -0.00021 0.00033 0.00029 1.00000
36607.481748851 -0.00874 -0.01536 0.26136 -0.00041 0.00024 0.00013 1.00000
36607.491781173 -0.00414 -0.00993 0.30987 -0.00044 0.00004 0.00069 1.00000
36607.501801962 -0.00659 -0.00258 0.36032 -0.00003 0.00008 0.00003 1.00000
36607.511829811 -0.01079 0.00001 0.41230 0.00009 0.00013 0.00010 1.00000
36607.521882579 0.00098 -0.00499 0.46813 -0.00012 0.00005 -0.00013 1.00000
36607.531935165 -0.00240 -0.00456 0.50907 -0.00036 0.00023 -0.00001 1.00000
36607.541986545 -0.00488 -0.00427 0.55396 -0.00021 0.00010 0.00004 1.00000
36607.552133665 -0.00162 -0.01081 0.61213 -0.00030 -0.00007 0.00067 1.00000
36607.562186719 -0.00542 -0.00041 0.63237 -0.00015 -0.00002 0.00039 1.00000
36607.572239181 -0.00735 -0.00144 0.70120 -0.00037 0.00006 0.00035 1.00000
36607.582292083 -0.00561 -0.00128 0.76587 -0.00049 -0.00001 0.00040 1.00000
36607.592344598 -0.00767 -0.00208 0.80340 -0.00060 0.00017 0.00015 1.00000
36607.602404079 0.00243 -0.02255 0.85574 -0.00072 -0.00010 0.00098 1.00000
36607.612514264 0.00877 -0.00476 0.90537 -0.00029 -0.00012 0.00058 1.00000
36607.622567710 0.00620 -0.00222 0.96398 -0.00057 -0.00003 0.00016 1.00000
36607.632681042 -0.00220 -0.00848 1.01139 -0.00063 0.00008 0.00075 1.00000
36607.642751719 -0.00910 -0.00415 1.05028 -0.00074 0.00004 0.00043 1.00000
36607.653331257 -0.00837 -0.01077 1.09387 -0.00063 0.00026 0.00001 1.00000
36607.663385056 -0.01475 -0.01063 1.13355 -0.00061 0.00004 -0.00008 1.00000
36607.673438194 -0.01592 -0.00857 1.17878 -0.00067 -0.00001 0.00017 1.00000
36607.683489584 -0.01935 -0.01083 1.23684 -0.00069 0.00003 0.00008 1.00000
36607.693544318 -0.01506 -0.01608 1.29935 -0.00090 -0.00004 -0.00003 1.00000
36607.703674559 -0.00635 -0.01366 1.34545 -0.00097 -0.00037 -0.00064 1.00000
36607.713770250 -0.00813 -0.00242 1.38976 -0.00058 -0.00012 -0.00061 1.00000
36607.723823527 -0.01506 -0.00708 1.43701 -0.00106 -0.00005 -0.00037 1.00000
36607.733874991 -0.01002 -0.01420 1.48450 -0.00125 -0.00002 -0.00037 1.00000
36607.743927708 -0.01194 -0.01000 1.52652 -0.00106 -0.00002 -0.00051 1.00000
36607.753980957 -0.01683 -0.00799 1.58890 -0.00093 0.00000 -0.00060 1.00000
36607.764033555 -0.01907 -0.01610 1.62315 -0.00113 -0.00014 -0.00027 1.00000
36607.774086367 -0.01684 -0.01220 1.69215 -0.00122 0.00007 -0.00034 1.00000
36607.784138184 -0.01426 -0.00715 1.74915 -0.00098 -0.00010 -0.00033 1.00000
36607.794190184 -0.01469 -0.00782 1.80852 -0.00129 0.00014 -0.00091 1.00000
36607.804241666 -0.02199 -0.00844 1.85059 -0.00147 0.00012 -0.00071 1.00000
36607.814293994 -0.01952 -0.01152 1.91395 -0.00126 0.00008 -0.00075 1.00000
36607.824437662 -0.01817 -0.01273 1.95880 -0.00129 -0.00009 -0.00070 1.00000
36607.834446451 -0.01639 -0.01288 2.01412 -0.00141 -0.00006 -0.00032 1.00000
36607.844449332 -0.01940 -0.01089 2.05377 -0.00102 -0.00012 0.00025 1.00000
36607.854466001 -0.01954 -0.01425 2.11035 -0.00134 0.00003 0.00001 1.00000
36607.864511833 -0.02181 -0.01456 2.14897 -0.00113 -0.00008 -0.00026 1.00000
36607.874533653 -0.01459 -0.01424 2.21381 -0.00108 -0.00001 -0.00096 1.00000
36607.884534601 -0.01799 -0.01387 2.26715 -0.00106 -0.00021 0.00018 1.00000
36607.894565987 -0.01536 -0.01242 2.33712 -0.00081 -0.00018 0.00008 1.00000
36607.904932090 -0.01561 -0.01369 2.37027 -0.00109 -0.00033 0.00017 1.00000
36607.914984915 -0.02277 -0.01836 2.42429 -0.00104 -0.00013 0.00008 1.00000
36607.925061561 -0.02280 -0.01567 2.48544 -0.00115 -0.00019 -0.00027 1.00000
36607.935114427 -0.02597 -0.01363 2.51205 -0.00109 -0.00009 -0.00025 1.00000
36607.945167278 -0.02617 -0.01061 2.58872 -0.00105 -0.00005 -0.00008 1.00000
36607.955220107 -0.02379 -0.01848 2.64220 -0.00113 -0.00015 -0.00036 1.00000
36607.965271893 -0.01934 -0.01767 2.69005 -0.00127 -0.00024 0.00070 1.00000
36607.975323432 -0.01303 -0.01178 2.75907 -0.00147 -0.00030 -0.00002 1.00000
36607.985375269 -0.02017 -0.01900 2.80619 -0.00148 -0.00022 0.00016 1.00000
36607.995428508 -0.01570 -0.01401 2.85933 -0.00140 -0.00023 -0.00014 1.00000
36608.005481474 -0.02057 -0.01613 2.92325 -0.00159 -0.00019 0.00063 1.00000
36608.015533327 -0.01874 -0.01686 2.96977 -0.00168 -0.00040 0.00015 1.00000
36608.025777049 -0.01403 -0.01220 3.02749 -0.00166 -0.00035 0.00026 1.00000
36608.035792631 -0.01886 -0.01352 3.08947 -0.00164 -0.00010 0.00008 1.00000
36608.045863573 -0.01807 -0.01178 3.13956 -0.00166 -0.00015 0.00004 1.00000
36608.055916428 -0.02060 -0.01468 3.19420 -0.00181 -0.00008 -0.00042 1.00000
36608.066163065 -0.01769 -0.01447 3.25418 -0.00186 -0.00030 -0.00046 1.00000
36608.076216178 -0.01742 -0.01332 3.31276 -0.00206 -0.00028 0.00017 1.00000
36608.086268055 -0.01767 -0.01096 3.35481 -0.00214 -0.00008 -0.00045 1.00000
36608.096319562 -0.02124 -0.01071 3.41878 -0.00230 -0.00007 -0.00066 1.00000
36608.106371126 -0.01475 -0.01079 3.47540 -0.00240 -0.00021 0.00003 1.00000
36608.116422869 -0.01720 -0.00930 3.53122 -0.00241 -0.00048 -0.00021 1.00000
36608.126475700 -0.02066 -0.01261 3.58112 -0.00270 -0.00027 -0.00035 1.00000
36608.136528313 -0.02523 -0.01003 3.63471 -0.00259 -0.00011 -0.00057 1.00000
36608.146580946 -0.02561 -0.01882 3.70212 -0.00320 -0.00012 -0.00053 0.99999
36608.156836998 -0.02018 -0.01748 3.75462 -0.00300 -0.00021 -0.00022 1.00000
36608.167134047 -0.02674 -0.00982 3.82332 -0.00296 -0.00009 -0.00096 1.00000
36608.177134265 -0.02175 -0.00916 3.87053 -0.00304 -0.00026 -0.00017 1.00000
36608.187153913 -0.02397 -0.01109 3.92904 -0.00325 -0.00031 -0.00010 0.99999
36608.197159848 -0.01780 -0.01462 3.97841 -0.00354 -0.00042 0.00015 0.99999
36608.207188616 -0.02184 -0.01101 4.05023 -0.00335 -0.00038 -0.00003 0.99999
36608.217225315 -0.02408 -0.00918 4.10134 -0.00342 -0.00022 0.00025 0.99999
36608.227246249 -0.02499 -0.00643 4.14955 -0.00342 -0.00017 -0.00001 0.99999
36608.237250211 -0.02223 -0.00788 4.20427 -0.00368 -0.00022 0.00032 0.99999
36608.247266595 -0.02270 -0.01115 4.27452 -0.00383 -0.00026 0.00005 0.99999
36608.267363072 -0.02423 -0.01145 4.37539 -0.00414 -0.00003 0.00007 0.99999
36608.277416838 -0.02579 -0.01197 4.42883 -0.00406 -0.00027 0.00005 0.99999
36608.287469394 -0.02784 -0.01572 4.48875 -0.00414 -0.00030 -0.00011 0.99999
36608.297521856 -0.02907 -0.01751 4.54414 -0.00407 -0.00010 -0.00074 0.99999
36608.307574422 -0.03171 -0.01383 4.61227 -0.00387 -0.00026 -0.00061 0.99999
36608.317775986 -0.02738 -0.01851 4.67855 -0.00374 -0.00021 -0.00150 0.99999
36608.327969360 -0.03140 -0.01403 4.72807 -0.00364 -0.00002 -0.00054 0.99999
36608.338020995 -0.02804 -0.01746 4.78306 -0.00339 -0.00021 -0.00124 0.99999
36608.348072696 -0.03268 -0.01893 4.83116 -0.00321 -0.00001 -0.00116 0.99999
36608.368178900 -0.02898 -0.01705 4.95647 -0.00300 -0.00017 -0.00127 0.99999
36608.378231646 -0.02614 -0.02254 5.01255 -0.00293 -0.00020 -0.00122 0.99999
36608.388284228 -0.02368 -0.02381 5.08382 -0.00262 -0.00042 -0.00106 1.00000
36608.398337018 -0.02613 -0.02229 5.14419 -0.00243 -0.00018 -0.00164 1.00000
36608.408389858 -0.02926 -0.01852 5.18887 -0.00226 -0.00029 -0.00081 1.00000
36608.418399612 -0.02895 -0.02797 5.25389 -0.00212 -0.00022 -0.00136 1.00000
36608.428451671 -0.02766 -0.02172 5.30234 -0.00187 -0.00011 -0.00125 1.00000
36608.438503506 -0.02758 -0.02477 5.37739 -0.00183 0.00004 -0.00096 1.00000
36608.448555282 -0.03577 -0.02262 5.43967 -0.00172 0.00007 -0.00119 1.00000
36608.458865787 -0.03290 -0.02998 5.49287 -0.00157 0.00010 -0.00153 1.00000
36608.468933585 -0.03395 -0.02675 5.52529 -0.00132 -0.00008 -0.00138 1.00000
36608.489037047 -0.03404 -0.03477 5.63793 -0.00128 0.00003 -0.00149 1.00000
36608.499088721 -0.03471 -0.03045 5.71869 -0.00107 -0.00020 -0.00061 1.00000
36608.509140511 -0.03108 -0.02326 5.78813 -0.00095 -0.00026 -0.00135 1.00000
36608.519193447 -0.03394 -0.02738 5.84022 -0.00076 -0.00015 -0.00073 1.00000
36608.529246102 -0.02806 -0.02327 5.91171 -0.00061 -0.00021 -0.00085 1.00000
36608.539297722 -0.04307 -0.02332 5.96756 -0.00038 0.00012 -0.00117 1.00000
36608.549350708 -0.04094 -0.02608 6.01670 -0.00046 0.00013 -0.00089 1.00000
36608.559402197 -0.03588 -0.02859 6.06675 -0.00028 -0.00010 -0.00078 1.00000
36608.569455345 -0.04279 -0.02572 6.13102 -0.00030 0.00010 -0.00052 1.00000
36608.579509545 -0.04080 -0.02735 6.18877 -0.00041 0.00011 -0.00123 1.00000
36608.589561025 -0.03231 -0.03283 6.25780 -0.00042 -0.00014 -0.00082 1.00000
36608.599730764 -0.03067 -0.03106 6.31986 -0.00029 -0.00020 -0.00041 1.00000
36608.615159431 -0.03437 -0.03199 6.40225 -0.00031 -0.00014 0.00017 1.00000
36608.625213068 -0.03855 -0.03573 6.46181 -0.00018 -0.00000 -0.00038 1.00000
36608.635266319 -0.03194 -0.03026 6.53595 -0.00030 -0.00017 -0.00010 1.00000
36608.645318885 -0.03967 -0.02754 6.58953 -0.00011 0.00008 -0.00027 1.00000
36608.655370272 -0.03525 -0.02158 6.65983 0.00015 -0.00014 -0.00023 1.00000
36608.665421755 -0.03751 -0.02901 6.69805 -0.00003 0.00010 -0.00041 1.00000
36608.675473192 -0.03984 -0.02858 6.76156 0.00026 0.00002 -0.00063 1.00000
36608.685526252 -0.03969 -0.02675 6.82663 0.00012 0.00024 -0.00133 1.00000
36608.695578901 -0.05086 -0.02465 6.89036 0.00024 0.00020 -0.00042 1.00000
36608.705784355 -0.03904 -0.02658 6.95272 0.00009 0.00017 -0.00095 1.00000
36608.715836870 -0.04268 -0.02608 7.02403 -0.00016 0.00023 -0.00105 1.00000
36608.725890620 -0.04149 -0.02664 7.07444 -0.00037 0.00013 -0.00099 1.00000
36608.735943998 -0.04527 -0.02919 7.12710 -0.00044 0.00023 -0.00109 1.00000
36608.745995768 -0.04638 -0.03376 7.19559 -0.00094 0.00047 -0.00180 1.00000
36608.756048770 -0.05325 -0.03078 7.24505 -0.00124 0.00050 -0.00153 1.00000
36608.766101463 -0.05857 -0.03141 7.30147 -0.00176 0.00040 -0.00197 1.00000
36608.776154430 -0.05234 -0.02773 7.36550 -0.00163 0.00047 -0.00134 1.00000
36608.786208832 -0.04509 -0.02380 7.44479 -0.00190 0.00038 -0.00200 1.00000
36608.796261446 -0.05245 -0.02494 7.49752 -0.00206 0.00068 -0.00224 1.00000
36608.806361625 -0.04993 -0.02471 7.56390 -0.00251 0.00043 -0.00213 0.99999
36608.816410782 -0.04913 -0.02778 7.63756 -0.00280 0.00038 -0.00176 0.99999
36608.826446832 -0.04449 -0.02416 7.70393 -0.00297 0.00030 -0.00202 0.99999
36608.836499344 -0.05066 -0.03574 7.74194 -0.00324 0.00068 -0.00182 0.99999
36608.846551029 -0.06088 -0.03474 7.82121 -0.00339 0.00093 -0.00276 0.99999
36608.857024572 -0.05892 -0.03449 7.87788 -0.00353 0.00087 -0.00204 0.99999
36608.867078312 -0.05842 -0.02946 7.92112 -0.00353 0.00073 -0.00268 0.99999
36608.877131423 -0.06484 -0.02956 8.00199 -0.00366 0.00085 -0.00202 0.99999
36608.887184016 -0.06284 -0.02966 8.07613 -0.00361 0.00088 -0.00219 0.99999
36608.897235555 -0.04994 -0.02666 8.14692 -0.00368 0.00075 -0.00259 0.99999
36608.907287102 -0.05507 -0.02376 8.20180 -0.00413 0.00049 -0.00209 0.99999
36608.917338678 -0.04845 -0.02986 8.27292 -0.00409 0.00050 -0.00227 0.99999
36608.927390412 -0.05459 -0.03535 8.30387 -0.00430 0.00051 -0.00183 0.99999
36608.937443406 -0.05965 -0.03896 8.37320 -0.00419 0.00049 -0.00188 0.99999
36608.947496576 -0.05900 -0.03179 8.43768 -0.00428 0.00041 -0.00259 0.99999
36608.957549594 -0.06050 -0.03025 8.49639 -0.00449 0.00057 -0.00217 0.99999
36608.967770492 -0.06543 -0.03946 8.56583 -0.00469 0.00061 -0.00301 0.99998
36608.977804294 -0.06537 -0.03139 8.63213 -0.00447 0.00067 -0.00263 0.99999
36608.987856442 -0.06812 -0.03656 8.67894 -0.00461 0.00070 -0.00285 0.99999
36608.997907987 -0.07167 -0.03726 8.74554 -0.00460 0.00090 -0.00284 0.99998
36609.007959602 -0.07190 -0.03052 8.80611 -0.00473 0.00080 -0.00263 0.99999
36609.018014289 -0.07287 -0.03644 8.86245 -0.00462 0.00076 -0.00259 0.99999
36609.028067057 -0.06747 -0.03717 8.93000 -0.00490 0.00078 -0.00205 0.99999
36609.038118692 -0.05991 -0.03490 9.00107 -0.00487 0.00048 -0.00231 0.99999
36609.048170688 -0.05957 -0.03519 9.05934 -0.00488 0.00050 -0.00199 0.99999
36609.068276628 -0.06759 -0.03392 9.16038 -0.00483 0.00070 -0.00261 0.99998
36609.078329485 -0.06865 -0.03444 9.25239 -0.00502 0.00085 -0.00173 0.99999
36609.088382363 -0.05770 -0.03450 9.32396 -0.00491 0.00067 -0.00242 0.99998
36609.098397675 -0.06287 -0.03277 9.38560 -0.00486 0.00057 -0.00243 0.99999
36609.108451994 -0.07071 -0.03076 9.41734 -0.00501 0.00099 -0.00220 0.99998
36609.118505362 -0.07219 -0.04200 9.47920 -0.00509 0.00108 -0.00214 0.99998
36609.128556716 -0.06735 -0.02903 9.56932 -0.00473 0.00105 -0.00227 0.99999
36609.138672842 -0.07291 -0.03180 9.61849 -0.00466 0.00118 -0.00279 0.99998
36609.148703583 -0.07551 -0.03573 9.68547 -0.00480 0.00129 -0.00177 0.99999
36609.158779157 -0.07442 -0.04240 9.74768 -0.00496 0.00113 -0.00246 0.99998
36609.169078477 -0.07149 -0.03416 9.81955 -0.00486 0.00114 -0.00239 0.99998
36609.179106891 -0.07235 -0.03459 9.86524 -0.00476 0.00130 -0.00277 0.99998
36609.189127544 -0.07566 -0.03196 9.92485 -0.00459 0.00134 -0.00326 0.99998
36609.199147349 -0.08487 -0.03334 9.99499 -0.00456 0.00160 -0.00326 0.99998
36609.209170061 -0.07694 -0.03495 10.05441 -0.00464 0.00133 -0.00196 0.99999
36609.229328123 -0.07805 -0.03346 10.18478 -0.00472 0.00129 -0.00266 0.99998
36609.239379809 -0.08173 -0.03098 10.24711 -0.00463 0.00147 -0.00294 0.99998
36609.249431217 -0.08372 -0.03639 10.30141 -0.00452 0.00138 -0.00288 0.99998
36609.259482994 -0.07821 -0.03874 10.37359 -0.00498 0.00132 -0.00306 0.99998
36609.269535912 -0.07843 -0.03742 10.44193 -0.00472 0.00138 -0.00352 0.99998
36609.279927375 -0.07898 -0.03152 10.50999 -0.00456 0.00141 -0.00364 0.99998
36609.289979632 -0.08360 -0.03343 10.56590 -0.00469 0.00139 -0.00394 0.99998
36609.300031196 -0.08236 -0.03038 10.63812 -0.00496 0.00141 -0.00433 0.99998
36609.310082769 -0.07189 -0.03289 10.69646 -0.00464 0.00118 -0.00407 0.99998
36609.320134706 -0.08639 -0.03561 10.76328 -0.00480 0.00129 -0.00470 0.99998
36609.330186219 -0.07623 -0.03502 10.83145 -0.00494 0.00118 -0.00474 0.99998
36609.340240961 -0.07747 -0.03780 10.87215 -0.00475 0.00130 -0.00527 0.99997
36609.350294929 -0.08060 -0.03028 10.95380 -0.00461 0.00139 -0.00498 0.99998
36609.360347816 -0.08339 -0.03026 11.01142 -0.00482 0.00128 -0.00589 0.99997
36609.370448674 -0.08683 -0.02770 11.09417 -0.00474 0.00139 -0.00541 0.99997
36609.380527147 -0.08145 -0.03415 11.15004 -0.00515 0.00122 -0.00548 0.99997
36609.390543410 -0.08019 -0.03886 11.19595 -0.00518 0.00126 -0.00570 0.99997
36609.400566327 -0.07698 -0.03424 11.29431 -0.00512 0.00101 -0.00572 0.99997
36609.410727615 -0.08140 -0.03359 11.34318 -0.00514 0.00125 -0.00574 0.99997
36609.420780457 -0.08650 -0.02483 11.41387 -0.00499 0.00132 -0.00612 0.99997
36609.430832160 -0.08696 -0.03321 11.45927 -0.00543 0.00130 -0.00575 0.99997
36609.440883742 -0.08642 -0.03790 11.52492 -0.00508 0.00132 -0.00634 0.99997
36609.450937673 -0.09406 -0.03633 11.60556 -0.00501 0.00138 -0.00637 0.99997
36609.460989654 -0.09268 -0.02938 11.66238 -0.00485 0.00153 -0.00582 0.99997
36609.471041371 -0.08231 -0.03315 11.72750 -0.00502 0.00116 -0.00646 0.99997
36609.481093094 -0.08380 -0.03594 11.80452 -0.00492 0.00129 -0.00660 0.99997
36609.491145480 -0.08610 -0.03576 11.85968 -0.00503 0.00125 -0.00623 0.99997
36609.505403286 -0.08453 -0.03656 11.95183 -0.00495 0.00115 -0.00675 0.99996
36609.516542039 -0.09525 -0.03378 12.01871 -0.00489 0.00137 -0.00714 0.99996
36609.537442070 -0.09361 -0.03915 12.14509 -0.00485 0.00132 -0.00688 0.99996
36609.547493549 -0.08157 -0.03587 12.22969 -0.00482 0.00121 -0.00692 0.99996
36609.567675349 -0.08235 -0.03942 12.34587 -0.00464 0.00117 -0.00685 0.99997
36609.577730328 -0.08214 -0.04012 12.41745 -0.00482 0.00126 -0.00677 0.99996
36609.588053436 -0.08536 -0.03727 12.47188 -0.00445 0.00115 -0.00670 0.99997
36609.598106957 -0.08614 -0.03504 12.54209 -0.00455 0.00115 -0.00696 0.99996
36609.608237825 -0.08813 -0.03336 12.61004 -0.00462 0.00125 -0.00662 0.99997
36609.628408370 -0.08707 -0.04394 12.75191 -0.00466 0.00136 -0.00641 0.99997
36609.638462108 -0.09163 -0.04228 12.79983 -0.00423 0.00117 -0.00639 0.99997
36609.648513513 -0.08763 -0.04375 12.85489 -0.00446 0.00134 -0.00653 0.99997
36609.658568031 -0.08145 -0.04441 12.92778 -0.00448 0.00134 -0.00644 0.99997
36609.668736120 -0.08925 -0.04982 12.99659 -0.00461 0.00135 -0.00619 0.99997
36609.678736439 -0.08682 -0.05229 13.05483 -0.00458 0.00137 -0.00655 0.99997
36609.688772558 -0.09091 -0.05268 13.13292 -0.00452 0.00159 -0.00665 0.99997
36609.698804880 -0.08913 -0.05611 13.18799 -0.00452 0.00153 -0.00625 0.99997
36609.708859787 -0.08948 -0.05131 13.25302 -0.00420 0.00141 -0.00644 0.99997
36609.720356958 -0.08569 -0.05323 13.32852 -0.00422 0.00133 -0.00676 0.99997
36609.740456230 -0.07634 -0.04959 13.45875 -0.00438 0.00150 -0.00645 0.99997
36609.750507788 -0.07130 -0.04923 13.54383 -0.00412 0.00163 -0.00664 0.99997
36609.760555371 -0.08152 -0.05513 13.59957 -0.00411 0.00147 -0.00645 0.99997
36609.770724965 -0.07773 -0.04706 13.67734 -0.00376 0.00153 -0.00673 0.99997
36609.780748034 -0.08575 -0.04831 13.72741 -0.00383 0.00188 -0.00724 0.99996
36609.790749723 -0.08805 -0.05859 13.79308 -0.00399 0.00181 -0.00689 0.99997
36609.800802978 -0.08255 -0.05203 13.85943 -0.00398 0.00180 -0.00653 0.99997
36609.821039493 -0.08680 -0.06191 13.98828 -0.00387 0.00191 -0.00670 0.99997
36609.831091186 -0.08670 -0.05530 14.04710 -0.00384 0.00217 -0.00641 0.99997
36609.841142674 -0.08730 -0.05614 14.11373 -0.00378 0.00222 -0.00670 0.99997
36609.851194260 -0.08217 -0.05843 14.17906 -0.00380 0.00230 -0.00647 0.99997
36609.861245985 -0.09435 -0.05479 14.25639 -0.00381 0.00231 -0.00615 0.99997
36609.871298984 -0.08879 -0.05835 14.31939 -0.00381 0.00225 -0.00602 0.99997
36609.881352636 -0.09045 -0.06137 14.36748 -0.00352 0.00224 -0.00662 0.99997
36609.891404187 -0.08913 -0.06455 14.44575 -0.00371 0.00237 -0.00656 0.99997
36609.901455808 -0.07790 -0.06189 14.50653 -0.00354 0.00224 -0.00667 0.99997
36609.911553886 -0.09191 -0.06838 14.58388 -0.00378 0.00243 -0.00624 0.99997
36609.921704061 -0.08588 -0.06066 14.65585 -0.00334 0.00245 -0.00607 0.99997
36609.931761385 -0.08599 -0.05894 14.70985 -0.00337 0.00257 -0.00592 0.99997
36609.941783021 -0.08931 -0.06308 14.77135 -0.00374 0.00272 -0.00660 0.99997
36609.953170193 -0.09111 -0.06719 14.84851 -0.00400 0.00288 -0.00631 0.99997
36609.963224755 -0.09218 -0.06195 14.90913 -0.00379 0.00283 -0.00616 0.99997
36609.973278241 -0.09703 -0.06085 14.96847 -0.00391 0.00323 -0.00662 0.99997
36609.983330001 -0.09273 -0.05505 15.05596 -0.00395 0.00347 -0.00629 0.99997
36609.993381877 -0.08827 -0.05833 15.12442 -0.00369 0.00340 -0.00599 0.99997
36610.003435731 -0.08530 -0.06821 15.18296 -0.00422 0.00345 -0.00595 0.99997
36610.013488789 -0.08691 -0.06521 15.23495 -0.00418 0.00371 -0.00620 0.99997
36610.023543330 -0.08383 -0.06443 15.29075 -0.00434 0.00385 -0.00603 0.99996
36610.033705462 -0.08114 -0.06437 15.37600 -0.00458 0.00403 -0.00616 0.99996
36610.043739785 -0.08949 -0.06333 15.43184 -0.00470 0.00445 -0.00616 0.99996
36610.053746568 -0.08560 -0.07531 15.48563 -0.00491 0.00447 -0.00609 0.99996
36610.063798048 -0.08635 -0.06865 15.54607 -0.00490 0.00460 -0.00616 0.99996
36610.073880633 -0.09232 -0.06670 15.62606 -0.00494 0.00491 -0.00598 0.99996
36610.083943919 -0.09280 -0.06205 15.68798 -0.00503 0.00518 -0.00585 0.99996
36610.093947334 -0.09174 -0.06117 15.75767 -0.00508 0.00513 -0.00615 0.99996
36610.103968605 -0.08568 -0.07036 15.81359 -0.00533 0.00522 -0.00656 0.99995
36610.114016610 -0.08577 -0.06286 15.89947 -0.00524 0.00535 -0.00655 0.99995
36610.124068091 -0.08080 -0.06435 15.96189 -0.00537 0.00551 -0.00581 0.99995
36610.134119439 -0.08727 -0.06461 16.02889 -0.00545 0.00574 -0.00615 0.99995
36610.144170799 -0.08853 -0.06383 16.06825 -0.00541 0.00609 -0.00657 0.99995
36610.154222594 -0.08446 -0.06051 16.14788 -0.00564 0.00605 -0.00589 0.99995
36610.164276254 -0.08708 -0.06416 16.20359 -0.00583 0.00631 -0.00595 0.99995
36610.174328892 -0.08415 -0.06141 16.27604 -0.00560 0.00654 -0.00577 0.99995
36610.184381926 -0.08118 -0.07038 16.32886 -0.00593 0.00646 -0.00614 0.99994
36610.194398354 -0.07251 -0.07411 16.39879 -0.00620 0.00658 -0.00519 0.99995
36610.204451951 -0.07145 -0.07334 16.47103 -0.00620 0.00680 -0.00543 0.99994
36610.214505000 -0.06981 -0.07261 16.53494 -0.00631 0.00694 -0.00551 0.99994
36610.224556357 -0.07616 -0.07184 16.60552 -0.00655 0.00700 -0.00546 0.99994
36610.234711676 -0.06390 -0.07425 16.65840 -0.00649 0.00710 -0.00477 0.99994
36610.244763322 -0.06543 -0.06677 16.71441 -0.00635 0.00741 -0.00506 0.99994
36610.254815221 -0.07024 -0.07074 16.79532 -0.00646 0.00758 -0.00507 0.99994
36610.264820410 -0.06868 -0.07333 16.85061 -0.00672 0.00781 -0.00442 0.99994
36610.274873239 -0.07598 -0.06627 16.90737 -0.00648 0.00804 -0.00480 0.99994
36610.284924757 -0.06902 -0.06525 16.97333 -0.00656 0.00816 -0.00529 0.99993
36610.294957663 -0.06784 -0.07553 17.03948 -0.00667 0.00842 -0.00506 0.99993
36610.315063839 -0.06046 -0.07656 17.15814 -0.00678 0.00863 -0.00415 0.99993
36610.325115756 -0.06139 -0.08001 17.23354 -0.00695 0.00883 -0.00395 0.99993
36610.335169101 -0.05199 -0.07806 17.30632 -0.00697 0.00908 -0.00402 0.99993
36610.345222117 -0.05676 -0.07289 17.35744 -0.00661 0.00911 -0.00403 0.99993
36610.355275228 -0.05003 -0.07183 17.40616 -0.00662 0.00935 -0.00404 0.99993
36610.365328488 -0.04410 -0.07235 17.47551 -0.00645 0.00937 -0.00329 0.99993
36610.375382371 -0.04225 -0.07325 17.54112 -0.00635 0.00967 -0.00351 0.99993
36610.385433752 -0.05174 -0.07280 17.60787 -0.00640 0.00995 -0.00383 0.99992
36610.395521046 -0.04799 -0.06914 17.69359 -0.00654 0.01022 -0.00357 0.99992
36610.406001690 -0.05011 -0.07712 17.73066 -0.00637 0.01041 -0.00422 0.99992
36610.426110962 -0.04927 -0.08195 17.85982 -0.00632 0.01088 -0.00399 0.99991
36610.436162576 -0.04265 -0.08039 17.92822 -0.00651 0.01102 -0.00377 0.99991
36610.446216407 -0.03957 -0.07993 17.97374 -0.00600 0.01142 -0.00393 0.99991
36610.456421038 -0.04817 -0.07511 18.04944 -0.00609 0.01164 -0.00372 0.99991
36610.466472886 -0.04183 -0.07231 18.11046 -0.00620 0.01170 -0.00372 0.99991
36610.476524581 -0.04224 -0.07549 18.17581 -0.00620 0.01185 -0.00351 0.99990
36610.486576457 -0.03748 -0.07450 18.24822 -0.00606 0.01203 -0.00401 0.99990
36610.496768583 -0.03613 -0.07779 18.30249 -0.00583 0.01204 -0.00372 0.99990
36610.506820689 -0.04143 -0.07473 18.36690 -0.00587 0.01259 -0.00407 0.99990
36610.517129763 -0.03084 -0.07249 18.41972 -0.00600 0.01272 -0.00414 0.99989
36610.527181187 -0.03086 -0.07347 18.51023 -0.00595 0.01276 -0.00334 0.99990
36610.537232634 -0.03165 -0.07360 18.55226 -0.00584 0.01302 -0.00388 0.99989
36610.547286876 -0.03473 -0.07731 18.62330 -0.00600 0.01320 -0.00425 0.99989
36610.557348797 -0.03533 -0.07778 18.68071 -0.00575 0.01376 -0.00415 0.99988
36610.582267711 -0.02299 -0.07788 18.82335 -0.00595 0.01397 -0.00391 0.99988
36610.592321000 -0.01790 -0.08206 18.89996 -0.00623 0.01401 -0.00347 0.99988
36610.602372434 -0.01351 -0.07796 18.98301 -0.00640 0.01403 -0.00344 0.99988
36610.612424971 -0.01397 -0.08282 19.01190 -0.00657 0.01443 -0.00317 0.99987
36610.622477341 -0.00889 -0.08719 19.08564 -0.00634 0.01444 -0.00363 0.99987
36610.632529166 -0.01099 -0.07853 19.15478 -0.00656 0.01469 -0.00349 0.99986
36610.642582470 -0.01099 -0.08543 19.22330 -0.00675 0.01506 -0.00381 0.99986
36610.653327715 -0.01223 -0.08507 19.27876 -0.00661 0.01500 -0.00359 0.99986
36610.673440223 0.00154 -0.08029 19.40749 -0.00644 0.01537 -0.00320 0.99986
36610.683491935 -0.00697 -0.07789 19.47284 -0.00665 0.01567 -0.00303 0.99985
36610.693543613 -0.00691 -0.08529 19.53064 -0.00661 0.01595 -0.00406 0.99984
36610.703848767 -0.00240 -0.08610 19.59158 -0.00690 0.01615 -0.00341 0.99984
36610.713900445 0.00043 -0.07893 19.65626 -0.00643 0.01624 -0.00384 0.99984
36610.723951910 0.00165 -0.08153 19.71313 -0.00678 0.01625 -0.00327 0.99984
36610.733964408 0.01026 -0.07959 19.76728 -0.00658 0.01640 -0.00271 0.99984
36610.744016303 0.00314 -0.07687 19.83240 -0.00658 0.01670 -0.00298 0.99983
36610.754044592 0.01556 -0.08553 19.90578 -0.00653 0.01683 -0.00344 0.99983
36610.775053269 0.02086 -0.08305 20.02505 -0.00649 0.01705 -0.00316 0.99983
36610.785107638 0.01622 -0.08308 20.07846 -0.00674 0.01731 -0.00305 0.99982
36610.795160268 0.01533 -0.08275 20.14942 -0.00647 0.01744 -0.00294 0.99982
36610.805213826 0.02300 -0.08348 20.20979 -0.00661 0.01751 -0.00337 0.99982
36610.815312529 0.02948 -0.08814 20.27575 -0.00648 0.01766 -0.00256 0.99982
36610.825367399 0.03218 -0.08560 20.31834 -0.00647 0.01772 -0.00235 0.99982
36610.835418866 0.03009 -0.08560 20.38018 -0.00654 0.01788 -0.00288 0.99981
36610.845471861 0.03905 -0.08805 20.43495 -0.00649 0.01794 -0.00231 0.99982
36610.855524162 0.04321 -0.09041 20.52032 -0.00679 0.01812 -0.00320 0.99981
36610.876242966 0.04922 -0.09056 20.63721 -0.00633 0.01827 -0.00231 0.99981
36610.886295894 0.03932 -0.08568 20.67876 -0.00635 0.01859 -0.00259 0.99980
36610.896347977 0.04038 -0.08778 20.74036 -0.00618 0.01878 -0.00241 0.99980
36610.916487684 0.05046 -0.08521 20.86681 -0.00643 0.01908 -0.00222 0.99979
36610.926529294 0.06025 -0.08914 20.94308 -0.00624 0.01910 -0.00206 0.99980
36610.936542227 0.06041 -0.08808 20.99546 -0.00610 0.01897 -0.00184 0.99980
36610.946561211 0.05839 -0.08675 21.04374 -0.00633 0.01937 -0.00234 0.99979
36610.956581781 0.05615 -0.08665 21.12515 -0.00626 0.01954 -0.00228 0.99979
36610.966679325 0.06705 -0.08459 21.17943 -0.00602 0.01954 -0.00201 0.99979
36610.976738247 0.06617 -0.08614 21.25812 -0.00617 0.01969 -0.00164 0.99979
36610.986790143 0.07136 -0.08925 21.29818 -0.00612 0.01978 -0.00151 0.99978
36610.996848697 0.07808 -0.09054 21.35932 -0.00584 0.01981 -0.00210 0.99978
36611.007559712 0.08082 -0.08885 21.40302 -0.00613 0.01986 -0.00131 0.99978
36611.027764948 0.08096 -0.09158 21.53600 -0.00625 0.02011 -0.00193 0.99978
36611.037792177 0.08500 -0.09217 21.60576 -0.00627 0.02044 -0.00174 0.99977
36611.047844934 0.09129 -0.08705 21.66044 -0.00632 0.02060 -0.00121 0.99977
36611.057897722 0.09032 -0.09191 21.72708 -0.00600 0.02061 -0.00150 0.99977
36611.067949832 0.09077 -0.08357 21.77401 -0.00606 0.02071 -0.00221 0.99976
36611.078002398 0.08699 -0.08911 21.83595 -0.00601 0.02072 -0.00218 0.99976
36611.088054031 0.09300 -0.09608 21.87883 -0.00612 0.02079 -0.00205 0.99976
36611.098105362 0.10113 -0.09236 21.95342 -0.00623 0.02108 -0.00186 0.99976
36611.108159720 0.09560 -0.09556 22.03392 -0.00631 0.02128 -0.00249 0.99975
36611.118212076 0.10124 -0.08672 22.09372 -0.00591 0.02130 -0.00229 0.99975
36611.128263378 0.10835 -0.09125 22.14146 -0.00642 0.02136 -0.00208 0.99975
36611.138316367 0.10308 -0.09307 22.18528 -0.00620 0.02168 -0.00212 0.99974
36611.148367951 0.11069 -0.09468 22.24917 -0.00626 0.02161 -0.00186 0.99975
36611.158405843 0.10946 -0.08877 22.31092 -0.00626 0.02161 -0.00178 0.99975
36611.168466247 0.11276 -0.09338 22.34829 -0.00650 0.02179 -0.00190 0.99974
36611.178517716 0.11571 -0.09182 22.41519 -0.00623 0.02196 -0.00198 0.99974
36611.188570579 0.12349 -0.08826 22.49204 -0.00624 0.02182 -0.00215 0.99974
36611.198680951 0.11799 -0.09102 22.55109 -0.00623 0.02212 -0.00198 0.99973
36611.208889727 0.12572 -0.09361 22.61012 -0.00666 0.02209 -0.00203 0.99973
36611.218941673 0.12865 -0.08825 22.66916 -0.00623 0.02222 -0.00197 0.99973
36611.228994414 0.12761 -0.09666 22.72915 -0.00660 0.02224 -0.00223 0.99973
36611.239071342 0.13240 -0.09231 22.77982 -0.00654 0.02249 -0.00226 0.99972
36611.249129450 0.14158 -0.09832 22.84706 -0.00684 0.02239 -0.00184 0.99972
36611.259269934 0.13976 -0.09598 22.89906 -0.00667 0.02256 -0.00211 0.99972
36611.269326244 0.14543 -0.09953 22.96303 -0.00680 0.02249 -0.00177 0.99972
36611.289434181 0.15060 -0.09056 23.07614 -0.00628 0.02271 -0.00144 0.99972
36611.299486141 0.15150 -0.09214 23.14076 -0.00641 0.02292 -0.00155 0.99972
36611.309537538 0.15157 -0.08693 23.19808 -0.00610 0.02310 -0.00195 0.99971
36611.319651503 0.14922 -0.09389 23.25078 -0.00647 0.02319 -0.00201 0.99971
36611.330084022 0.15639 -0.09972 23.32106 -0.00667 0.02334 -0.00191 0.99970
36611.340137441 0.16481 -0.09674 23.38016 -0.00650 0.02321 -0.00162 0.99971
36611.350189271 0.16519 -0.10258 23.43436 -0.00681 0.02347 -0.00151 0.99970
36611.360240889 0.16466 -0.09958 23.49093 -0.00670 0.02362 -0.00195 0.99970
36611.370404029 0.16546 -0.09225 23.54140 -0.00657 0.02358 -0.00184 0.99970
36611.380456787 0.16287 -0.10035 23.62844 -0.00671 0.02383 -0.00163 0.99969
36611.390508136 0.16606 -0.10063 23.66748 -0.00672 0.02392 -0.00189 0.99969
36611.400559679 0.16688 -0.09935 23.72183 -0.00671 0.02410 -0.00175 0.99969
36611.410667535 0.17624 -0.09297 23.79651 -0.00660 0.02408 -0.00121 0.99969
36611.420733311 0.18583 -0.10101 23.84422 -0.00664 0.02416 -0.00140 0.99969
36611.430818511 0.18757 -0.09987 23.89665 -0.00699 0.02433 -0.00155 0.99968
36611.440870218 0.18063 -0.10289 23.96228 -0.00697 0.02456 -0.00155 0.99967
36611.450922137 0.18404 -0.10359 24.01959 -0.00697 0.02463 -0.00137 0.99967
36611.460975076 0.19393 -0.09727 24.08356 -0.00691 0.02449 -0.00154 0.99968
36611.471257496 0.19396 -0.10988 24.13719 -0.00739 0.02464 -0.00167 0.99967
36611.481310555 0.19923 -0.11085 24.17588 -0.00737 0.02470 -0.00173 0.99967
36611.491362009 0.20804 -0.11047 24.23220 -0.00741 0.02466 -0.00173 0.99967
36611.501380970 0.21872 -0.10886 24.29961 -0.00737 0.02462 -0.00108 0.99967
36611.511432666 0.21771 -0.11031 24.34366 -0.00727 0.02468 -0.00126 0.99967
36611.521484418 0.21939 -0.11311 24.39364 -0.00757 0.02475 -0.00137 0.99966
36611.531536189 0.22551 -0.10853 24.45299 -0.00743 0.02466 -0.00066 0.99967
36611.541666230 0.22136 -0.11082 24.51842 -0.00748 0.02508 -0.00094 0.99966
36611.551801583 0.22496 -0.11081 24.59159 -0.00746 0.02519 -0.00106 0.99965
36611.561854360 0.22594 -0.10942 24.63738 -0.00712 0.02518 -0.00125 0.99966
36611.571902636 0.23192 -0.10831 24.69416 -0.00723 0.02539 -0.00104 0.99965
36611.581957635 0.23338 -0.11331 24.74491 -0.00736 0.02532 -0.00109 0.99965
36611.592009709 0.23025 -0.11452 24.81059 -0.00734 0.02549 -0.00139 0.99965
36611.602061649 0.22628 -0.11600 24.85155 -0.00726 0.02578 -0.00163 0.99964
36611.612113956 0.24429 -0.11682 24.92002 -0.00739 0.02563 -0.00128 0.99964
36611.622165506 0.24570 -0.10676 24.97629 -0.00705 0.02570 -0.00116 0.99964
36611.632218081 0.25407 -0.10871 25.03276 -0.00692 0.02570 -0.00134 0.99964
36611.642271481 0.25060 -0.11024 25.06958 -0.00682 0.02577 -0.00148 0.99964
36611.652383208 0.25278 -0.11739 25.14009 -0.00703 0.02589 -0.00173 0.99964
36611.672462957 0.26851 -0.11292 25.26907 -0.00682 0.02591 -0.00108 0.99964
36611.682516314 0.26260 -0.10868 25.31915 -0.00679 0.02586 -0.00099 0.99964
36611.692568110 0.26543 -0.11328 25.36562 -0.00667 0.02620 -0.00137 0.99963
36611.702864926 0.27058 -0.11603 25.41483 -0.00671 0.02628 -0.00194 0.99963
36611.712962318 0.27507 -0.11829 25.46834 -0.00694 0.02620 -0.00119 0.99963
36611.723037873 0.27099 -0.11869 25.52082 -0.00690 0.02620 -0.00130 0.99963
36611.733089846 0.28795 -0.11728 25.59741 -0.00687 0.02625 -0.00131 0.99963
36611.743142465 0.29138 -0.10851 25.66009 -0.00653 0.02631 -0.00125 0.99963
36611.753193808 0.29454 -0.11553 25.71887 -0.00681 0.02649 -0.00140 0.99962
36611.763246467 0.30262 -0.11297 25.77920 -0.00701 0.02666 -0.00187 0.99962
36611.773297823 0.29751 -0.10768 25.82309 -0.00691 0.02676 -0.00070 0.99962
36611.783358063 0.29847 -0.10373 25.88054 -0.00695 0.02675 -0.00086 0.99962
36611.793411310 0.30152 -0.11011 25.94127 -0.00711 0.02681 -0.00002 0.99962
36611.803463026 0.29400 -0.11473 25.98368 -0.00707 0.02693 -0.00056 0.99961
36611.813515319 0.29680 -0.11222 26.03287 -0.00720 0.02704 -0.00035 0.99961
36611.823568558 0.30853 -0.11588 26.09914 -0.00730 0.02713 -0.00080 0.99960
36611.833729660 0.30935 -0.11927 26.14923 -0.00736 0.02730 -0.00004 0.99960
36611.843781221 0.32198 -0.11081 26.18746 -0.00715 0.02715 0.00008 0.99961
36611.853833785 0.31466 -0.11328 26.25161 -0.00702 0.02754 -0.00061 0.99960
36611.863888618 0.32650 -0.11259 26.31917 -0.00703 0.02749 -0.00021 0.99960
36611.873940139 0.32987 -0.11384 26.36300 -0.00682 0.02731 -0.00006 0.99960
36611.883992728 0.33104 -0.11555 26.42915 -0.00706 0.02754 -0.00069 0.99960
36611.894044097 0.33658 -0.10948 26.48222 -0.00671 0.02773 -0.00088 0.99959
36611.904095855 0.34084 -0.12066 26.53432 -0.00664 0.02749 -0.00028 0.99960
36611.914147392 0.34381 -0.10914 26.61071 -0.00683 0.02755 -0.00010 0.99960
36611.924200523 0.34937 -0.11144 26.64160 -0.00624 0.02771 -0.00007 0.99960
36611.934252225 0.34746 -0.11225 26.69973 -0.00642 0.02786 0.00002 0.99959
36611.944303713 0.34901 -0.11674 26.76282 -0.00624 0.02791 -0.00044 0.99959
36611.954355324 0.35376 -0.11755 26.81242 -0.00631 0.02792 -0.00023 0.99959
36611.964434294 0.35292 -0.11580 26.87131 -0.00605 0.02817 -0.00079 0.99958
36611.974487935 0.36039 -0.12164 26.91474 -0.00639 0.02814 -0.00084 0.99958
36611.984506634 0.36376 -0.11881 26.97200 -0.00623 0.02828 -0.00077 0.99958
36611.994518746 0.36431 -0.11809 27.03195 -0.00606 0.02819 -0.00102 0.99958
36612.004535513 0.36020 -0.11218 27.07948 -0.00557 0.02839 -0.00108 0.99958
36612.014701857 0.36765 -0.11250 27.14353 -0.00586 0.02854 -0.00079 0.99958
36612.024757323 0.37624 -0.11113 27.20562 -0.00581 0.02860 -0.00106 0.99957
36612.034788299 0.37758 -0.11243 27.25073 -0.00566 0.02855 -0.00099 0.99958
36612.044841678 0.37846 -0.11442 27.30314 -0.00564 0.02850 -0.00084 0.99958
36612.055099690 0.38387 -0.11754 27.35026 -0.00588 0.02851 -0.00072 0.99958
36612.065151459 0.39191 -0.11867 27.41322 -0.00591 0.02840 -0.00038 0.99958
36612.075203173 0.40298 -0.11578 27.46678 -0.00599 0.02843 -0.00105 0.99958
36612.085254816 0.40767 -0.11164 27.53510 -0.00560 0.02844 -0.00084 0.99958
36612.095309065 0.41079 -0.11240 27.58049 -0.00585 0.02860 -0.00088 0.99957
36612.105362078 0.40409 -0.11016 27.63723 -0.00592 0.02869 -0.00109 0.99957
36612.115414864 0.40289 -0.11318 27.69952 -0.00599 0.02884 -0.00148 0.99956
36612.125467692 0.41051 -0.10936 27.74604 -0.00592 0.02916 -0.00146 0.99956
36612.135520842 0.41461 -0.11094 27.80677 -0.00606 0.02886 -0.00231 0.99956
36612.145573557 0.42271 -0.10899 27.86843 -0.00625 0.02922 -0.00167 0.99955
36612.156132179 0.42361 -0.11623 27.90777 -0.00637 0.02891 -0.00152 0.99956
36612.166183856 0.42923 -0.11555 27.96512 -0.00642 0.02916 -0.00112 0.99955
36612.176237079 0.42161 -0.11694 28.03024 -0.00595 0.02924 -0.00044 0.99955
36612.186289590 0.43409 -0.11531 28.06525 -0.00607 0.02940 -0.00108 0.99955
36612.196341232 0.43988 -0.11579 28.12515 -0.00611 0.02928 -0.00095 0.99955
36612.206398088 0.43652 -0.11602 28.16784 -0.00596 0.02932 -0.00102 0.99955
36612.216449707 0.44128 -0.12265 28.23952 -0.00629 0.02931 -0.00083 0.99955
36612.226503081 0.44340 -0.11888 28.29492 -0.00635 0.02952 -0.00105 0.99954
36612.236554557 0.44891 -0.12154 28.35642 -0.00601 0.02965 -0.00040 0.99954
36612.246715510 0.45969 -0.11508 28.40644 -0.00540 0.02947 -0.00016 0.99955
36612.256786875 0.46248 -0.11268 28.46796 -0.00555 0.02938 0.00061 0.99955
36612.266839455 0.46748 -0.11273 28.52830 -0.00517 0.02943 0.00053 0.99955
36612.276897250 0.46932 -0.11443 28.56878 -0.00501 0.02945 0.00055 0.99955
36612.286950371 0.46929 -0.11856 28.60970 -0.00557 0.02934 0.00006 0.99955
36612.297002229 0.46798 -0.11900 28.65857 -0.00542 0.02948 -0.00005 0.99955
36612.307102169 0.47891 -0.11699 28.72765 -0.00502 0.02939 0.00025 0.99956
36612.317143219 0.47551 -0.11397 28.77377 -0.00499 0.02962 0.00005 0.99955
36612.327155128 0.48491 -0.11839 28.84222 -0.00515 0.02971 -0.00123 0.99954
36612.337183407 0.48841 -0.12083 28.89321 -0.00487 0.02957 0.00004 0.99955
36612.347205818 0.48942 -0.11786 28.94700 -0.00505 0.02988 -0.00053 0.99954
36612.357242881 0.49702 -0.11012 28.99583 -0.00460 0.02985 -0.00053 0.99954
36612.367253657 0.49875 -0.10659 29.06251 -0.00512 0.03011 -0.00137 0.99953
36612.377263018 0.50953 -0.11074 29.11644 -0.00533 0.03001 -0.00097 0.99954
36612.387263447 0.50761 -0.11682 29.16624 -0.00497 0.03023 -0.00087 0.99953
36612.397299104 0.51623 -0.11383 29.21005 -0.00507 0.02999 -0.00049 0.99954
36612.417416609 0.51952 -0.12199 29.32904 -0.00499 0.03011 -0.00069 0.99953
36612.427469484 0.53224 -0.12039 29.37506 -0.00526 0.03003 -0.00137 0.99953
36612.437521962 0.53059 -0.12940 29.43198 -0.00529 0.03029 -0.00091 0.99953
36612.447573519 0.53073 -0.11811 29.47541 -0.00519 0.03031 -0.00100 0.99953
36612.457684806 0.54146 -0.11617 29.54761 -0.00502 0.03040 -0.00117 0.99952
36612.467733947 0.54931 -0.11099 29.60098 -0.00487 0.03026 -0.00177 0.99953
36612.477803506 0.56013 -0.12072 29.64824 -0.00518 0.03026 -0.00198 0.99953
36612.487855383 0.56786 -0.11721 29.71143 -0.00479 0.03013 -0.00184 0.99953
36612.497907263 0.56223 -0.11920 29.78069 -0.00513 0.03042 -0.00264 0.99952
36612.507964591 0.56850 -0.11007 29.78522 -0.00493 0.03020 -0.00269 0.99953
36612.521971251 0.58098 -0.11253 29.83618 -0.00472 0.03012 -0.00155 0.99953
36612.532022816 0.57777 -0.12392 29.94293 -0.00486 0.03015 -0.00186 0.99953
36612.542074418 0.59574 -0.11726 29.99992 -0.00509 0.03006 -0.00170 0.99953
36612.552126073 0.58979 -0.11768 30.04169 -0.00501 0.03012 -0.00157 0.99953
36612.562177475 0.59698 -0.13191 30.10745 -0.00553 0.02995 -0.00174 0.99953
36612.572231050 0.60155 -0.12124 30.16114 -0.00506 0.03017 -0.00116 0.99953
36612.582284416 0.60907 -0.11378 30.21545 -0.00523 0.03002 -0.00106 0.99953
36612.592338231 0.61011 -0.10977 30.28219 -0.00453 0.03001 -0.00073 0.99954
36612.602417642 0.59881 -0.11217 30.31455 -0.00484 0.03033 -0.00069 0.99953
36612.622527859 0.60158 -0.12420 30.40869 -0.00511 0.03026 -0.00044 0.99953
36612.632582625 0.62071 -0.12196 30.48244 -0.00516 0.03029 -0.00013 0.99953
36612.642782933 0.63566 -0.11954 30.55352 -0.00529 0.03012 0.00016 0.99953
36612.652800263 0.64047 -0.11530 30.59943 -0.00502 0.03004 -0.00041 0.99954
36612.662817876 0.66525 -0.10721 30.68136 -0.00492 0.02999 0.00002 0.99954
36612.673103371 0.68078 -0.10081 30.75844 -0.00470 0.02993 -0.00023 0.99954
36612.683155822 0.70237 -0.08850 30.81847 -0.00433 0.02973 0.00033 0.99955
36612.693210081 0.72546 -0.09507 30.90044 -0.00439 0.02962 -0.00065 0.99955
36612.716220561 0.75179 -0.08466 31.01913 -0.00415 0.02937 -0.00032 0.99956
36612.726273478 0.76843 -0.08752 31.09849 -0.00429 0.02913 -0.00004 0.99957
36612.736326657 0.77966 -0.08094 31.15177 -0.00440 0.02902 0.00024 0.99957
36612.746381431 0.79905 -0.08236 31.22924 -0.00428 0.02870 0.00006 0.99958
36612.756434320 0.82622 -0.06678 31.30170 -0.00423 0.02879 -0.00098 0.99958
36612.766486052 0.83863 -0.06844 31.39225 -0.00403 0.02860 -0.00056 0.99958
36612.776537938 0.83984 -0.06951 31.42286 -0.00405 0.02836 0.00009 0.99959
36612.786716712 0.84504 -0.06613 31.48040 -0.00410 0.02861 -0.00045 0.99958
36612.796770570 0.84568 -0.06108 31.52694 -0.00407 0.02847 -0.00023 0.99959
36612.806822489 0.84364 -0.05796 31.59034 -0.00387 0.02859 -0.00060 0.99958
36612.816875107 0.85600 -0.05876 31.64105 -0.00389 0.02878 -0.00119 0.99958
36612.826927862 0.86161 -0.06924 31.69629 -0.00423 0.02844 -0.00113 0.99959
36612.836980560 0.86456 -0.07394 31.73443 -0.00441 0.02844 -0.00169 0.99958
36612.847032237 0.86706 -0.07319 31.80659 -0.00430 0.02862 -0.00162 0.99958
36612.867136945 0.87216 -0.07626 31.91754 -0.00438 0.02857 -0.00196 0.99958
36612.877220983 0.89275 -0.06312 31.98480 -0.00417 0.02822 -0.00207 0.99959
36612.887283556 0.90160 -0.05986 32.03727 -0.00384 0.02816 -0.00222 0.99959
36612.897302531 0.90388 -0.05522 32.09378 -0.00378 0.02839 -0.00313 0.99958
36612.907353596 0.92405 -0.05410 32.15615 -0.00397 0.02800 -0.00339 0.99959
36612.917361380 0.93871 -0.04831 32.23411 -0.00367 0.02779 -0.00429 0.99960
36612.927403209 0.95007 -0.04089 32.31125 -0.00332 0.02774 -0.00377 0.99960
36612.937454556 0.95258 -0.03701 32.35317 -0.00308 0.02765 -0.00352 0.99961
36612.947506575 0.97970 -0.03831 32.43087 -0.00323 0.02709 -0.00348 0.99962
36612.968168151 0.99773 -0.03817 32.54041 -0.00308 0.02674 -0.00482 0.99963
36612.978219588 1.01369 -0.03449 32.58317 -0.00301 0.02670 -0.00382 0.99963
36612.988271114 1.02466 -0.02742 32.66744 -0.00282 0.02656 -0.00476 0.99963
36612.998322634 1.04445 -0.01989 32.73725 -0.00247 0.02621 -0.00467 0.99964
36613.008374394 1.05226 -0.02386 32.82673 -0.00241 0.02599 -0.00377 0.99965
36613.018400083 1.05823 -0.02197 32.85302 -0.00252 0.02584 -0.00474 0.99965
36613.028453739 1.05039 -0.02762 32.89292 -0.00240 0.02580 -0.00349 0.99966
36613.038554136 1.06034 -0.02675 32.95226 -0.00267 0.02580 -0.00429 0.99965
36613.048665366 1.08047 -0.02501 33.01157 -0.00263 0.02542 -0.00413 0.99966
36613.058929649 1.09737 -0.01555 33.08869 -0.00189 0.02511 -0.00469 0.99967
36613.068938296 1.09812 -0.01143 33.12506 -0.00198 0.02515 -0.00398 0.99967
36613.078990174 1.10787 -0.00972 33.20842 -0.00184 0.02483 -0.00432 0.99968
36613.089041853 1.12093 -0.00221 33.26324 -0.00129 0.02474 -0.00453 0.99968
36613.099093415 1.12126 -0.00634 33.31516 -0.00163 0.02465 -0.00382 0.99969
36613.109145359 1.12388 -0.01088 33.35861 -0.00155 0.02437 -0.00346 0.99970
36613.119196936 1.12881 -0.00816 33.40326 -0.00165 0.02431 -0.00442 0.99969
36613.129248368 1.13705 -0.00442 33.48229 -0.00150 0.02453 -0.00393 0.99969
36613.139301777 1.15184 -0.00723 33.53635 -0.00165 0.02428 -0.00390 0.99970
36613.149354865 1.15673 -0.00527 33.59310 -0.00183 0.02384 -0.00353 0.99971
36613.159408546 1.16722 0.00249 33.66053 -0.00146 0.02379 -0.00349 0.99971
36613.169461894 1.17907 0.01159 33.71443 -0.00144 0.02351 -0.00371 0.99972
36613.179514409 1.19340 0.00260 33.77682 -0.00111 0.02343 -0.00431 0.99972
36613.189565897 1.20788 0.00652 33.86330 -0.00134 0.02323 -0.00333 0.99972
36613.199672810 1.21484 0.01454 33.90234 -0.00121 0.02287 -0.00299 0.99973
36613.210088366 1.23046 0.00217 33.94053 -0.00103 0.02257 -0.00310 0.99974
36613.220140041 1.24397 0.02003 34.02658 -0.00132 0.02230 -0.00285 0.99975
36613.230193116 1.24203 0.01021 34.05863 -0.00114 0.02221 -0.00306 0.99975
36613.240245709 1.25382 0.01187 34.13765 -0.00113 0.02247 -0.00294 0.99974
36613.250298318 1.25034 0.01286 34.18816 -0.00095 0.02236 -0.00333 0.99974
36613.260349862 1.25891 0.01469 34.23602 -0.00106 0.02233 -0.00359 0.99974
36613.270398449 1.27076 0.01719 34.30328 -0.00098 0.02226 -0.00402 0.99974
36613.280452288 1.27800 0.02121 34.35830 -0.00070 0.02188 -0.00336 0.99975
36613.290503718 1.28704 0.03950 34.43263 -0.00047 0.02163 -0.00390 0.99976
36613.300555155 1.29927 0.03784 34.49666 -0.00061 0.02145 -0.00425 0.99976
36613.310672604 1.30065 0.03919 34.55601 -0.00053 0.02119 -0.00344 0.99977
36613.320729511 1.31175 0.03456 34.62038 -0.00060 0.02102 -0.00303 0.99977
36613.331022345 1.32113 0.03662 34.65485 -0.00047 0.02074 -0.00369 0.99978
36613.341074033 1.32808 0.03789 34.71103 -0.00096 0.02054 -0.00463 0.99978
36613.351125952 1.33915 0.04045 34.76290 -0.00061 0.02019 -0.00489 0.99978
36613.361232222 1.34942 0.04447 34.83142 -0.00068 0.02004 -0.00493 0.99979
36613.371294800 1.36392 0.04360 34.89430 -0.00094 0.01974 -0.00404 0.99980
36613.381300129 1.36652 0.04311 34.95313 -0.00086 0.01965 -0.00417 0.99980
36613.391324255 1.37195 0.04743 35.00483 -0.00083 0.01938 -0.00489 0.99980
36613.401341462 1.36777 0.05029 35.07013 -0.00089 0.01943 -0.00390 0.99980
36613.411344329 1.37670 0.05704 35.13899 -0.00093 0.01952 -0.00507 0.99980
36613.421367844 1.38293 0.05321 35.19965 -0.00080 0.01914 -0.00454 0.99981
36613.431423623 1.40258 0.05028 35.24800 -0.00096 0.01897 -0.00506 0.99981
36613.441436721 1.40930 0.05112 35.27979 -0.00140 0.01861 -0.00475 0.99981
36613.451536525 1.40483 0.05087 35.35317 -0.00120 0.01837 -0.00461 0.99982
36613.462004702 1.41461 0.04996 35.37702 -0.00096 0.01805 -0.00552 0.99982
36613.482109376 1.43097 0.04509 35.51408 -0.00125 0.01785 -0.00473 0.99983
36613.492162389 1.42842 0.05418 35.58570 -0.00121 0.01730 -0.00540 0.99984
36613.502233425 1.42911 0.05757 35.64925 -0.00079 0.01722 -0.00553 0.99984
36613.512287536 1.43047 0.06961 35.68380 -0.00059 0.01707 -0.00560 0.99984
36613.522340652 1.43781 0.07122 35.76509 -0.00056 0.01688 -0.00516 0.99984
36613.532393584 1.44951 0.07553 35.82928 -0.00024 0.01659 -0.00620 0.99984
36613.542403167 1.46081 0.06924 35.87395 -0.00023 0.01621 -0.00662 0.99985
36613.552456136 1.46299 0.07157 35.92111 -0.00005 0.01588 -0.00616 0.99986
36613.562510864 1.47465 0.06502 35.97320 -0.00016 0.01576 -0.00586 0.99986
36613.572562815 1.47719 0.06912 36.03417 -0.00024 0.01558 -0.00601 0.99986
36613.582778351 1.47495 0.07313 36.10391 -0.00030 0.01533 -0.00556 0.99987
36613.592830136 1.48335 0.07878 36.15839 -0.00001 0.01516 -0.00602 0.99987
36613.603193874 1.49278 0.08217 36.21595 0.00038 0.01470 -0.00564 0.99988
36613.613247346 1.50823 0.07808 36.26890 0.00017 0.01441 -0.00636 0.99988
36613.623300440 1.50988 0.08035 36.32748 0.00010 0.01396 -0.00577 0.99989
36613.633353321 1.52675 0.08233 36.39900 0.00018 0.01354 -0.00657 0.99989
36613.643406316 1.53518 0.08120 36.42941 0.00028 0.01352 -0.00694 0.99988
36613.653459540 1.54356 0.08327 36.48731 0.00032 0.01287 -0.00649 0.99990
36613.663512152 1.54413 0.09019 36.56911 0.00019 0.01272 -0.00613 0.99990
36613.673563808 1.55116 0.08846 36.63160 0.00023 0.01266 -0.00626 0.99990
36613.683686099 1.54947 0.09227 36.67180 0.00024 0.01218 -0.00612 0.99991
36613.693735878 1.55066 0.10380 36.73472 0.00033 0.01208 -0.00679 0.99990
36613.704219948 1.56091 0.10774 36.79573 0.00068 0.01192 -0.00700 0.99990
36613.714273614 1.56979 0.10793 36.84856 0.00086 0.01144 -0.00648 0.99991
36613.724325251 1.58050 0.10936 36.90448 0.00060 0.01122 -0.00764 0.99991
36613.734377168 1.58165 0.11680 36.96755 0.00093 0.01074 -0.00698 0.99992
36613.744429544 1.58342 0.10593 37.01293 0.00118 0.01060 -0.00674 0.99992
36613.754483041 1.58359 0.10942 37.06324 0.00108 0.01002 -0.00641 0.99993
36613.764535631 1.58213 0.11521 37.12448 0.00080 0.00965 -0.00596 0.99994
36613.774668594 1.59720 0.11672 37.18129 0.00127 0.00953 -0.00699 0.99993
36613.784776885 1.60825 0.12514 37.25319 0.00105 0.00902 -0.00677 0.99994
36613.794828401 1.60482 0.12533 37.28854 0.00142 0.00868 -0.00654 0.99994
36613.804881654 1.61363 0.13127 37.35953 0.00157 0.00861 -0.00691 0.99994
36613.814936433 1.62206 0.13600 37.41265 0.00177 0.00812 -0.00659 0.99994
36613.824989078 1.62985 0.13269 37.44283 0.00187 0.00760 -0.00764 0.99994
36613.835041293 1.63592 0.13104 37.50915 0.00188 0.00722 -0.00712 0.99995
36613.845092785 1.64344 0.12653 37.56208 0.00173 0.00692 -0.00777 0.99994
36613.855145013 1.64755 0.13435 37.62609 0.00184 0.00634 -0.00706 0.99995
36613.865246884 1.63564 0.12707 37.65929 0.00172 0.00605 -0.00686 0.99996
36613.875326743 1.64346 0.12448 37.70337 0.00140 0.00590 -0.00670 0.99996
36613.885378210 1.64836 0.12548 37.73787 0.00183 0.00517 -0.00618 0.99997
36613.895429947 1.65010 0.11837 37.78059 0.00147 0.00505 -0.00715 0.99996
36613.905482590 1.64953 0.12611 37.84255 0.00157 0.00434 -0.00722 0.99996
36613.915535146 1.64939 0.12972 37.91253 0.00185 0.00416 -0.00691 0.99997
36613.925641596 1.64385 0.13177 37.96568 0.00185 0.00351 -0.00681 0.99997
36613.935693030 1.65644 0.13474 38.00550 0.00163 0.00340 -0.00675 0.99997
36613.945693814 1.66448 0.13534 38.08068 0.00195 0.00292 -0.00725 0.99997
36613.956123201 1.67232 0.14063 38.14439 0.00206 0.00224 -0.00636 0.99998
36613.966177586 1.68997 0.15150 38.19351 0.00227 0.00189 -0.00646 0.99997
36613.976230250 1.68428 0.14775 38.24595 0.00191 0.00126 -0.00609 0.99998
36613.986283253 1.69095 0.15304 38.30760 0.00191 0.00074 -0.00659 0.99998
36613.996334855 1.68859 0.15023 38.34564 0.00207 0.00051 -0.00699 0.99997
36614.006386707 1.69860 0.15744 38.41794 0.00194 -0.00009 -0.00598 0.99998
36614.016439285 1.70766 0.15439 38.45109 0.00204 -0.00065 -0.00647 0.99998
36614.026491974 1.70775 0.14866 38.48489 0.00180 -0.00115 -0.00584 0.99998
36614.036712293 1.70750 0.14872 38.54390 0.00166 -0.00141 -0.00534 0.99998
36614.046764010 1.71455 0.14576 38.58056 0.00133 -0.00206 -0.00545 0.99998
36614.056843151 1.71116 0.14246 38.62424 0.00128 -0.00254 -0.00564 0.99998
36614.066898279 1.72230 0.14024 38.67357 0.00112 -0.00310 -0.00506 0.99998
36614.076951216 1.74323 0.13677 38.71481 0.00093 -0.00376 -0.00477 0.99998
36614.087049371 1.75121 0.13378 38.74872 0.00092 -0.00421 -0.00496 0.99998
36614.097102317 1.75622 0.13264 38.79454 0.00061 -0.00463 -0.00468 0.99998
36614.107154065 1.77497 0.13215 38.84103 0.00049 -0.00526 -0.00582 0.99997
36614.117206835 1.78303 0.12897 38.88765 0.00057 -0.00588 -0.00568 0.99997
36614.127258545 1.77839 0.12430 38.92824 0.00052 -0.00659 -0.00462 0.99997
36614.137311243 1.77779 0.12344 38.98573 0.00037 -0.00692 -0.00441 0.99997
36614.147364499 1.78209 0.12840 39.04399 0.00053 -0.00748 -0.00395 0.99996
36614.157422907 1.77975 0.12754 39.08576 0.00046 -0.00782 -0.00483 0.99996
36614.180435570 1.78834 0.12499 39.16787 0.00062 -0.00895 -0.00464 0.99995
36614.190488430 1.79816 0.11858 39.23528 0.00044 -0.00986 -0.00399 0.99994
36614.200541408 1.81323 0.11718 39.28247 0.00055 -0.01047 -0.00368 0.99994
36614.210547178 1.81418 0.12682 39.31964 0.00069 -0.01045 -0.00475 0.99993
36614.233219730 1.80563 0.11977 39.41214 0.00029 -0.01185 -0.00490 0.99992
36614.243272937 1.81311 0.11610 39.49216 0.00063 -0.01248 -0.00422 0.99991
36614.253325703 1.81768 0.12753 39.57171 0.00070 -0.01312 -0.00392 0.99991
36614.263379276 1.81283 0.11568 39.58949 0.00044 -0.01364 -0.00318 0.99990
36614.273430990 1.81625 0.12549 39.65519 0.00077 -0.01416 -0.00297 0.99989
36614.283482385 1.82689 0.13825 39.72131 0.00062 -0.01491 -0.00437 0.99988
36614.293536431 1.82392 0.13830 39.78205 0.00090 -0.01570 -0.00406 0.99987
36614.303932370 1.81787 0.13636 39.82693 0.00103 -0.01636 -0.00298 0.99986
36614.313983987 1.80727 0.13419 39.87662 0.00069 -0.01677 -0.00413 0.99985
36614.324037065 1.82249 0.14486 39.93386 0.00074 -0.01744 -0.00367 0.99984
36614.334211853 1.81888 0.14265 40.00301 0.00090 -0.01788 -0.00330 0.99983
36614.344272507 1.81175 0.14468 40.04206 0.00110 -0.01866 -0.00345 0.99982
36614.354319604 1.81572 0.13969 40.09019 0.00102 -0.01920 -0.00327 0.99981
36614.364372172 1.80287 0.12747 40.13969 0.00075 -0.01995 -0.00304 0.99980
36614.374402205 1.79111 0.12733 40.15597 0.00071 -0.02049 -0.00328 0.99978
36614.384453633 1.78170 0.13272 40.21270 0.00092 -0.02061 -0.00403 0.99978
36614.394505285 1.79040 0.12855 40.24135 0.00093 -0.02136 -0.00445 0.99976
36614.404556791 1.78943 0.13499 40.29778 0.00074 -0.02205 -0.00428 0.99975
36614.414710121 1.78484 0.13313 40.36141 0.00085 -0.02261 -0.00397 0.99974
36614.424732747 1.78879 0.13064 40.39721 0.00100 -0.02346 -0.00340 0.99972
36614.434784614 1.78356 0.13496 40.45819 0.00102 -0.02384 -0.00345 0.99971
36614.444837549 1.79090 0.13395 40.53020 0.00103 -0.02453 -0.00382 0.99969
36614.455063455 1.78287 0.13700 40.56894 0.00105 -0.02512 -0.00426 0.99967
36614.465115063 1.77526 0.13676 40.63013 0.00101 -0.02582 -0.00422 0.99966
36614.475168931 1.76889 0.13583 40.66891 0.00083 -0.02645 -0.00419 0.99964
36614.485220992 1.76922 0.13284 40.68746 0.00093 -0.02686 -0.00423 0.99963
36614.495272304 1.77703 0.13199 40.74033 0.00109 -0.02786 -0.00412 0.99960
36614.505328404 1.77759 0.12771 40.75886 0.00090 -0.02874 -0.00332 0.99958
36614.515426877 1.77226 0.12361 40.82513 0.00099 -0.02931 -0.00332 0.99956
36614.525478559 1.76353 0.12327 40.87299 0.00084 -0.02968 -0.00410 0.99955
36614.535530445 1.75030 0.12745 40.92375 0.00069 -0.03036 -0.00449 0.99953
36614.545582878 1.75113 0.13550 40.99235 0.00118 -0.03091 -0.00421 0.99951
36614.555807705 1.75111 0.13846 41.06002 0.00130 -0.03169 -0.00362 0.99949
36614.565860521 1.74356 0.13661 41.09576 0.00157 -0.03240 -0.00416 0.99947
36614.575913488 1.75155 0.13792 41.15181 0.00199 -0.03322 -0.00367 0.99944
36614.585966325 1.74914 0.13886 41.19001 0.00180 -0.03387 -0.00383 0.99942
36614.596018205 1.74372 0.14476 41.24646 0.00219 -0.03453 -0.00359 0.99939
36614.606154254 1.74444 0.14319 41.27468 0.00222 -0.03510 -0.00358 0.99937
36614.626257378 1.73553 0.13417 41.36423 0.00218 -0.03647 -0.00379 0.99933
36614.636310734 1.72514 0.13569 41.43441 0.00224 -0.03749 -0.00372 0.99929
36614.646362551 1.71727 0.13977 41.48139 0.00260 -0.03780 -0.00338 0.99928
36614.656414227 1.71666 0.13369 41.51012 0.00252 -0.03880 -0.00283 0.99924
36614.666466062 1.70904 0.12986 41.55614 0.00255 -0.03922 -0.00322 0.99922
36614.676517854 1.70900 0.12870 41.59614 0.00278 -0.03976 -0.00340 0.99920
36614.686569381 1.70514 0.12684 41.64097 0.00282 -0.04057 -0.00442 0.99916
36614.696755590 1.69992 0.12434 41.69818 0.00291 -0.04155 -0.00334 0.99913
36614.706778705 1.70921 0.12987 41.74336 0.00299 -0.04213 -0.00315 0.99910
36614.716831242 1.69910 0.13221 41.79556 0.00293 -0.04277 -0.00285 0.99908
36614.726884268 1.69292 0.13949 41.86444 0.00355 -0.04322 -0.00254 0.99906
36614.736938684 1.68670 0.13925 41.88742 0.00363 -0.04401 -0.00252 0.99902
36614.747106428 1.68263 0.13198 41.92145 0.00393 -0.04467 -0.00242 0.99899
36614.757118415 1.67765 0.13593 41.97149 0.00400 -0.04522 -0.00256 0.99897
36614.777146683 1.67356 0.12415 42.04066 0.00388 -0.04668 -0.00307 0.99890
36614.787167764 1.67251 0.12928 42.11685 0.00412 -0.04752 -0.00240 0.99886
36614.797220648 1.66676 0.12858 42.17678 0.00453 -0.04828 -0.00247 0.99882
36614.817326201 1.66178 0.12194 42.25041 0.00459 -0.04972 -0.00220 0.99875
36614.827379113 1.65718 0.12653 42.31347 0.00495 -0.05047 -0.00212 0.99871
36614.837431710 1.65155 0.12703 42.34568 0.00511 -0.05105 -0.00225 0.99868
36614.847484229 1.63787 0.12520 42.39284 0.00547 -0.05174 -0.00204 0.99864
36614.867575658 1.61705 0.12350 42.45376 0.00547 -0.05291 -0.00195 0.99858
36614.877775997 1.60922 0.11645 42.48407 0.00530 -0.05401 -0.00181 0.99852
36614.887827483 1.59406 0.11116 42.51598 0.00527 -0.05456 -0.00197 0.99849
36614.898079739 1.59459 0.11095 42.56804 0.00536 -0.05492 -0.00168 0.99848
36614.908082709 1.58490 0.10726 42.59489 0.00531 -0.05574 -0.00189 0.99843
36614.918137247 1.57907 0.10068 42.61213 0.00482 -0.05624 -0.00144 0.99840
36614.928188708 1.57322 0.10228 42.66512 0.00497 -0.05684 -0.00174 0.99837
36614.938565829 1.57153 0.10805 42.75800 0.00521 -0.05783 -0.00146 0.99831
36614.948761461 1.57063 0.11171 42.82367 0.00549 -0.05867 -0.00149 0.99826
36614.958773648 1.56985 0.11886 42.87652 0.00606 -0.05968 -0.00129 0.99820
36614.968787907 1.56327 0.12012 42.94313 0.00587 -0.06058 -0.00115 0.99815
36614.978840685 1.56102 0.12617 42.99580 0.00595 -0.06146 -0.00092 0.99809
36614.988894601 1.55902 0.13292 43.07109 0.00605 -0.06221 -0.00118 0.99804
36614.998947865 1.56164 0.13038 43.11448 0.00610 -0.06293 -0.00061 0.99800
36615.016906915 1.55945 0.13222 43.17422 0.00670 -0.06426 -0.00200 0.99791
36615.026960421 1.55574 0.12525 43.24236 0.00618 -0.06535 -0.00097 0.99784
36615.037014299 1.54749 0.12448 43.30409 0.00646 -0.06606 -0.00081 0.99779
36615.047067507 1.54817 0.11813 43.35019 0.00673 -0.06682 -0.00128 0.99774
36615.057121453 1.53418 0.11673 43.40242 0.00678 -0.06747 -0.00141 0.99770
36615.067173396 1.52010 0.11209 43.44282 0.00676 -0.06818 -0.00054 0.99765
36615.077225254 1.51517 0.11395 43.46997 0.00696 -0.06852 -0.00076 0.99763
36615.087278628 1.50699 0.12619 43.51288 0.00718 -0.06940 -0.00133 0.99756
36615.097331220 1.49047 0.11958 43.52209 0.00713 -0.07017 -0.00025 0.99751
36615.107383070 1.47388 0.11197 43.54558 0.00695 -0.07081 -0.00093 0.99746
36615.117435796 1.46330 0.11260 43.56538 0.00700 -0.07127 -0.00109 0.99743
36615.127487288 1.45270 0.10650 43.60519 0.00716 -0.07178 -0.00106 0.99739
36615.137538871 1.45046 0.10363 43.65201 0.00695 -0.07274 -0.00174 0.99733
36615.148212621 1.44591 0.10351 43.70246 0.00740 -0.07345 -0.00154 0.99727
36615.158264235 1.44122 0.10217 43.75016 0.00710 -0.07457 -0.00156 0.99719
36615.168316104 1.43239 0.09769 43.79468 0.00727 -0.07533 -0.00135 0.99713
36615.178367672 1.42833 0.10609 43.84650 0.00756 -0.07598 -0.00134 0.99708
36615.188419330 1.42222 0.09924 43.90102 0.00740 -0.07675 -0.00105 0.99702
36615.198471572 1.41010 0.09747 43.94143 0.00746 -0.07760 -0.00097 0.99696
36615.208524417 1.40413 0.10275 43.98993 0.00757 -0.07846 -0.00086 0.99689
36615.218577632 1.40297 0.09551 44.05132 0.00745 -0.07922 -0.00195 0.99683
36615.228758069 1.39611 0.09390 44.13229 0.00778 -0.07966 -0.00147 0.99679
36615.238843083 1.39511 0.09428 44.17828 0.00804 -0.08056 -0.00141 0.99672
36615.248895948 1.38630 0.09500 44.21907 0.00824 -0.08145 -0.00110 0.99664
36615.258949328 1.37991 0.09723 44.27287 0.00819 -0.08229 -0.00157 0.99657
36615.270439859 1.37913 0.09039 44.32560 0.00796 -0.08295 -0.00152 0.99652
36615.280491431 1.37170 0.08893 44.39645 0.00828 -0.08378 -0.00195 0.99645
36615.290545916 1.37005 0.08330 44.44469 0.00795 -0.08434 -0.00181 0.99640
36615.300716574 1.36986 0.07447 44.49385 0.00781 -0.08563 -0.00181 0.99629
36615.310751571 1.36317 0.07231 44.53777 0.00810 -0.08625 -0.00221 0.99624
36615.320803138 1.35330 0.07367 44.58671 0.00780 -0.08702 -0.00118 0.99617
36615.330857346 1.34259 0.07107 44.63227 0.00764 -0.08778 -0.00144 0.99611
36615.340908804 1.33097 0.07792 44.67130 0.00809 -0.08808 -0.00259 0.99608
36615.350960337 1.32665 0.07145 44.70905 0.00781 -0.08893 -0.00207 0.99600
36615.361011801 1.30598 0.07272 44.75875 0.00772 -0.08944 -0.00270 0.99596
36615.371063776 1.29882 0.07422 44.78400 0.00779 -0.09034 -0.00230 0.99588
36615.381115520 1.29230 0.06973 44.82156 0.00762 -0.09102 -0.00255 0.99582
36615.391166982 1.27507 0.06933 44.85237 0.00727 -0.09174 -0.00242 0.99575
36615.401219089 1.26847 0.06256 44.87889 0.00692 -0.09238 -0.00265 0.99570
36615.421328243 1.24705 0.06328 44.92057 0.00643 -0.09380 -0.00341 0.99556
36615.431381618 1.23554 0.05767 44.97728 0.00666 -0.09448 -0.00377 0.99550
36615.441467381 1.22790 0.06331 45.03862 0.00666 -0.09498 -0.00409 0.99545
36615.461726948 1.21106 0.06020 45.09745 0.00657 -0.09655 -0.00372 0.99530
36615.471778577 1.20351 0.05648 45.16069 0.00659 -0.09742 -0.00221 0.99522
36615.481830081 1.19914 0.05796 45.21313 0.00635 -0.09844 -0.00304 0.99512
36615.491881973 1.19722 0.06452 45.27711 0.00668 -0.09937 -0.00237 0.99502
36615.501933528 1.18117 0.06423 45.34397 0.00680 -0.10017 -0.00231 0.99494
36615.511985144 1.17481 0.06288 45.39104 0.00655 -0.10103 -0.00237 0.99486
36615.522038110 1.17811 0.05158 45.42749 0.00683 -0.10200 -0.00272 0.99476
36615.532090767 1.16774 0.04940 45.47381 0.00668 -0.10268 -0.00225 0.99469
36615.542143568 1.16852 0.04286 45.51658 0.00672 -0.10379 -0.00234 0.99457
36615.552196696 1.15658 0.03430 45.56737 0.00632 -0.10455 -0.00236 0.99450
36615.562248459 1.15602 0.02995 45.58624 0.00641 -0.10518 -0.00380 0.99443
36615.572300228 1.14214 0.03277 45.62415 0.00645 -0.10576 -0.00292 0.99437
36615.582351810 1.13348 0.03045 45.67586 0.00642 -0.10629 -0.00391 0.99431
36615.592403536 1.11741 0.02505 45.70566 0.00615 -0.10714 -0.00423 0.99422
36615.602463672 1.10595 0.02230 45.76042 0.00630 -0.10801 -0.00354 0.99412
36615.622571474 1.09418 0.02915 45.81352 0.00626 -0.10900 -0.00387 0.99401
36615.633201146 1.08717 0.03329 45.85344 0.00649 -0.10972 -0.00339 0.99394
36615.643254379 1.07481 0.02666 45.89814 0.00619 -0.11067 -0.00418 0.99383
36615.653307550 1.06041 0.02869 45.94939 0.00622 -0.11145 -0.00419 0.99374
36615.663360441 1.05216 0.02015 45.99585 0.00602 -0.11218 -0.00467 0.99366
36615.673413193 1.04448 0.02138 46.05647 0.00627 -0.11326 -0.00447 0.99354
36615.683465149 1.03562 0.02237 46.10229 0.00604 -0.11374 -0.00485 0.99348
36615.693518451 1.03170 0.01741 46.14669 0.00588 -0.11451 -0.00499 0.99339
36615.703570125 1.01760 0.02111 46.17728 0.00581 -0.11535 -0.00551 0.99329
36615.723821103 0.99773 0.01494 46.25600 0.00548 -0.11684 -0.00379 0.99313
36615.733874488 0.98854 0.02181 46.34283 0.00566 -0.11817 -0.00451 0.99297
36615.743927981 0.98219 0.01539 46.37924 0.00530 -0.11893 -0.00459 0.99288
36615.767754045 0.96791 0.01467 46.44645 0.00501 -0.12048 -0.00482 0.99269
36615.778084450 0.94407 0.01008 46.54150 0.00523 -0.12197 -0.00488 0.99251
36615.788137082 0.93225 0.01354 46.58147 0.00522 -0.12273 -0.00427 0.99242
36615.798224533 0.92572 0.00566 46.61182 0.00504 -0.12379 -0.00375 0.99229
36615.808275853 0.90843 0.01562 46.66493 0.00503 -0.12458 -0.00283 0.99219
36615.818297484 0.89482 0.00882 46.70562 0.00527 -0.12522 -0.00327 0.99211
36615.828338838 0.87711 0.01261 46.75680 0.00520 -0.12625 -0.00361 0.99198
36615.838369446 0.88841 0.01033 46.77775 0.00504 -0.12652 -0.00360 0.99194
36615.848373134 0.86711 0.00692 46.84493 0.00524 -0.12780 -0.00408 0.99178
36615.858380580 0.86037 0.00307 46.90022 0.00522 -0.12907 -0.00217 0.99162
36615.868403606 0.85903 0.01204 46.95255 0.00507 -0.13025 -0.00181 0.99147
36615.878453166 0.83858 0.00873 47.00982 0.00523 -0.13111 -0.00247 0.99135
36615.888504589 0.82703 0.01380 47.04345 0.00494 -0.13207 -0.00053 0.99123
36615.898556130 0.80951 0.01337 47.10057 0.00530 -0.13281 -0.00124 0.99113
36615.914836344 0.79638 0.01848 47.15303 0.00525 -0.13448 -0.00151 0.99090
36615.925104930 0.78366 0.01205 47.21943 0.00550 -0.13523 -0.00253 0.99080
36615.935158490 0.78192 0.00207 47.26099 0.00575 -0.13622 -0.00230 0.99066
36615.945211063 0.77892 -0.00171 47.30799 0.00578 -0.13735 -0.00201 0.99050
36615.955311994 0.76468 -0.00698 47.36045 0.00543 -0.13838 -0.00208 0.99036
36615.965366236 0.75971 -0.01614 47.40158 0.00525 -0.13928 -0.00258 0.99024
36615.975418288 0.75134 -0.01631 47.43820 0.00544 -0.14038 -0.00209 0.99008
36615.985469982 0.74796 -0.02024 47.47632 0.00542 -0.14087 -0.00293 0.99001
36615.995522940 0.73919 -0.02429 47.53952 0.00559 -0.14199 -0.00318 0.98985
36616.005582148 0.72765 -0.03394 47.56612 0.00555 -0.14306 -0.00275 0.98969
36616.020419691 0.73032 -0.03305 47.57600 0.00572 -0.14409 -0.00319 0.98954
36616.030431434 0.69493 -0.03622 47.63909 0.00540 -0.14521 -0.00359 0.98938
36616.040484261 0.67390 -0.02961 47.72536 0.00570 -0.14616 -0.00317 0.98924
36616.050537441 0.65700 -0.03057 47.77543 0.00594 -0.14715 -0.00361 0.98909
36616.061100105 0.64489 -0.03619 47.80716 0.00590 -0.14835 -0.00316 0.98891
36616.071115223 0.63092 -0.03559 47.84495 0.00569 -0.14927 -0.00329 0.98877
36616.081294594 0.61891 -0.02271 47.90282 0.00626 -0.15031 -0.00313 0.98861
36616.091346125 0.60357 -0.02546 47.93907 0.00613 -0.15125 -0.00323 0.98847
36616.101399198 0.59260 -0.03536 47.98377 0.00624 -0.15216 -0.00312 0.98833
36616.111451329 0.57946 -0.03644 48.02972 0.00615 -0.15323 -0.00323 0.98817
36616.121503038 0.57015 -0.03200 48.08403 0.00617 -0.15436 -0.00314 0.98799
36616.131554839 0.54415 -0.02740 48.12884 0.00639 -0.15511 -0.00337 0.98787
36616.141765467 0.53324 -0.01433 48.17530 0.00665 -0.15639 -0.00267 0.98767
36616.152329329 0.51666 -0.01196 48.22429 0.00654 -0.15760 -0.00208 0.98748
36616.162381225 0.50802 -0.01790 48.28716 0.00653 -0.15873 -0.00150 0.98730
36616.172432643 0.50224 -0.02516 48.31465 0.00649 -0.15969 -0.00244 0.98714
36616.182485480 0.48339 -0.02897 48.36458 0.00660 -0.16068 -0.00198 0.98698
36616.192538104 0.47464 -0.02431 48.40008 0.00623 -0.16165 -0.00209 0.98683
36616.202747438 0.46105 -0.03995 48.44847 0.00645 -0.16301 -0.00272 0.98660
36616.222907515 0.44953 -0.05221 48.49819 0.00567 -0.16491 -0.00161 0.98629
36616.232960197 0.43117 -0.05336 48.53539 0.00612 -0.16603 -0.00231 0.98610
36616.243011976 0.41169 -0.04878 48.56343 0.00587 -0.16681 -0.00215 0.98597
36616.253063899 0.38453 -0.05116 48.62641 0.00607 -0.16782 -0.00193 0.98580
36616.263116443 0.36798 -0.04309 48.65589 0.00615 -0.16878 -0.00224 0.98563
36616.273195858 0.35809 -0.04988 48.71266 0.00626 -0.16972 -0.00232 0.98547
36616.283244589 0.34531 -0.05327 48.73772 0.00606 -0.17076 -0.00248 0.98529
36616.293263776 0.32377 -0.05258 48.76121 0.00648 -0.17169 -0.00206 0.98513
36616.303294085 0.30558 -0.05078 48.81095 0.00683 -0.17274 -0.00272 0.98494
36616.313306145 0.30375 -0.05520 48.80134 0.00651 -0.17370 -0.00254 0.98477
36616.323331957 0.29089 -0.06698 48.86923 0.00641 -0.17463 -0.00233 0.98461
36616.333380260 0.27533 -0.05987 48.90607 0.00662 -0.17565 -0.00213 0.98443
36616.343431707 0.26078 -0.06596 48.91292 0.00659 -0.17633 -0.00294 0.98430
36616.353484021 0.22892 -0.05824 48.97446 0.00663 -0.17743 -0.00248 0.98411
36616.363535899 0.20896 -0.05508 49.00923 0.00688 -0.17806 -0.00314 0.98399
36616.373906827 0.19069 -0.05973 49.05390 0.00690 -0.17929 -0.00276 0.98377
36616.384038544 0.18352 -0.06342 49.07055 0.00671 -0.18013 -0.00286 0.98362
36616.394089986 0.16048 -0.07268 49.10164 0.00648 -0.18090 -0.00307 0.98348
36616.404141604 0.14763 -0.08059 49.13568 0.00628 -0.18188 -0.00324 0.98329
36616.414171425 0.12171 -0.08071 49.16498 0.00627 -0.18276 -0.00333 0.98313
36616.424267803 0.11034 -0.07662 49.20691 0.00642 -0.18381 -0.00372 0.98293
36616.434321013 0.09160 -0.07313 49.26574 0.00617 -0.18510 -0.00301 0.98270
36616.444373776 0.07778 -0.06921 49.30490 0.00642 -0.18610 -0.00307 0.98251
36616.455173120 0.05685 -0.06707 49.36626 0.00663 -0.18728 -0.00276 0.98228
36616.465226268 0.04108 -0.06326 49.40192 0.00650 -0.18838 -0.00190 0.98207
36616.475282139 0.01999 -0.06339 49.43417 0.00641 -0.18947 -0.00123 0.98187
36616.485335256 0.00378 -0.06109 49.48073 0.00649 -0.19030 -0.00172 0.98170
36616.495386743 -0.01626 -0.06430 49.54104 0.00656 -0.19159 -0.00162 0.98145
36616.505442610 -0.02962 -0.05917 49.58511 0.00629 -0.19302 -0.00050 0.98117
36616.515494484 -0.03923 -0.06313 49.61581 0.00622 -0.19436 -0.00020 0.98091
36616.525548961 -0.05123 -0.06919 49.64679 0.00601 -0.19522 -0.00068 0.98074
36616.535564298 -0.07221 -0.06460 49.70035 0.00606 -0.19628 -0.00127 0.98053
36616.546038337 -0.09658 -0.05945 49.77541 0.00591 -0.19772 0.00041 0.98024
36616.556140996 -0.10149 -0.06609 49.78872 0.00596 -0.19858 -0.00043 0.98007
36616.566206163 -0.12470 -0.06995 49.81462 0.00540 -0.19976 -0.00008 0.97983
36616.576258653 -0.13591 -0.07339 49.84240 0.00548 -0.20065 -0.00006 0.97965
36616.586310489 -0.14792 -0.07806 49.86010 0.00571 -0.20182 0.00078 0.97941
36616.596361906 -0.17240 -0.08527 49.86978 0.00515 -0.20252 0.00022 0.97927
36616.606400175 -0.18657 -0.09588 49.89171 0.00491 -0.20344 -0.00079 0.97908
36616.616430569 -0.20890 -0.10299 49.90742 0.00454 -0.20442 -0.00086 0.97887
36616.626483445 -0.22340 -0.10269 49.93605 0.00462 -0.20536 -0.00024 0.97867
36616.636535242 -0.25186 -0.09936 49.98277 0.00480 -0.20610 -0.00051 0.97852
36616.646701286 -0.27539 -0.09553 50.02792 0.00484 -0.20738 -0.00116 0.97825
36616.656777461 -0.29319 -0.09637 50.06833 0.00497 -0.20816 -0.00046 0.97808
36616.666829131 -0.32259 -0.09462 50.12034 0.00492 -0.20917 -0.00114 0.97787
36616.676881934 -0.34258 -0.09189 50.17432 0.00516 -0.21052 -0.00037 0.97758
36616.686933410 -0.37646 -0.08343 50.23538 0.00524 -0.21153 -0.00026 0.97736
36616.696984923 -0.39122 -0.07849 50.28539 0.00508 -0.21252 -0.00015 0.97714
36616.707104437 -0.40280 -0.08089 50.32301 0.00506 -0.21392 0.00008 0.97684
36616.717129739 -0.41082 -0.07836 50.37692 0.00552 -0.21508 0.00075 0.97658
36616.727194786 -0.43451 -0.08243 50.42269 0.00505 -0.21662 0.00107 0.97624
36616.737246427 -0.44704 -0.08538 50.48087 0.00525 -0.21786 0.00116 0.97596
36616.747297802 -0.45495 -0.08204 50.51878 0.00509 -0.21961 0.00196 0.97557
36616.757349629 -0.46378 -0.08780 50.57944 0.00523 -0.22114 0.00128 0.97523
36616.767402545 -0.47009 -0.08400 50.63521 0.00548 -0.22277 0.00201 0.97485
36616.777455086 -0.47628 -0.09269 50.68921 0.00500 -0.22423 0.00137 0.97452
36616.787507638 -0.48792 -0.10944 50.74077 0.00475 -0.22583 0.00173 0.97415
36616.797559343 -0.48037 -0.11675 50.78988 0.00452 -0.22760 0.00183 0.97374
36616.807714871 -0.47433 -0.13424 50.82220 0.00415 -0.22944 0.00158 0.97331
36616.817848724 -0.46692 -0.14306 50.85243 0.00359 -0.23100 0.00144 0.97295
36616.827902263 -0.47640 -0.14637 50.89348 0.00389 -0.23244 0.00199 0.97260
36616.837953790 -0.47589 -0.15598 50.95131 0.00340 -0.23382 0.00169 0.97227
36616.848005600 -0.48132 -0.16339 51.00113 0.00315 -0.23556 0.00185 0.97185
36616.858059423 -0.49091 -0.16960 51.05600 0.00248 -0.23704 0.00263 0.97149
36616.868112767 -0.48926 -0.18592 51.10226 0.00241 -0.23860 0.00196 0.97111
36616.878165443 -0.49401 -0.19559 51.12804 0.00186 -0.24020 0.00246 0.97072
36616.888216801 -0.50198 -0.19803 51.16141 0.00183 -0.24149 0.00222 0.97040
36616.898269432 -0.51904 -0.19893 51.22151 0.00146 -0.24296 0.00292 0.97003
36616.908321085 -0.53627 -0.19339 51.27761 0.00166 -0.24450 0.00308 0.96964
36616.918374151 -0.55325 -0.19853 51.33815 0.00186 -0.24561 0.00218 0.96937
36616.928427461 -0.56108 -0.21290 51.35890 0.00186 -0.24699 0.00255 0.96901
36616.938480208 -0.57290 -0.22286 51.38391 0.00144 -0.24809 0.00181 0.96873
36616.948533228 -0.59557 -0.21317 51.42582 0.00139 -0.24924 0.00217 0.96844
36616.959134063 -0.61900 -0.21905 51.48939 0.00146 -0.25056 0.00131 0.96810
36616.969186306 -0.63530 -0.21624 51.52351 0.00124 -0.25200 0.00288 0.96772
36616.979878850 -0.66450 -0.21291 51.59428 0.00156 -0.25332 0.00198 0.96738
36616.989930357 -0.68810 -0.20095 51.64805 0.00217 -0.25470 0.00272 0.96701
36616.999983370 -0.71754 -0.19412 51.67841 0.00235 -0.25580 0.00328 0.96672
36617.010451101 -0.73596 -0.19985 51.72688 0.00237 -0.25664 0.00265 0.96650
36617.030561463 -0.77798 -0.20327 51.81644 0.00202 -0.25956 0.00283 0.96572
36617.040726355 -0.81685 -0.20029 51.87304 0.00226 -0.26097 0.00314 0.96534
36617.051076215 -0.83591 -0.19656 51.90019 0.00264 -0.26213 0.00291 0.96502
36617.061129589 -0.85194 -0.19562 51.88689 0.00255 -0.26332 0.00288 0.96470
36617.071183658 -0.86658 -0.20537 51.87074 0.00244 -0.26434 0.00385 0.96442
36617.081236432 -0.90051 -0.22514 51.90733 0.00196 -0.26521 0.00339 0.96418
36617.091289351 -0.91509 -0.23754 51.92854 0.00169 -0.26632 0.00260 0.96388
36617.111396483 -0.95303 -0.24190 51.97177 0.00136 -0.26874 0.00277 0.96321
36617.121450665 -0.97820 -0.24247 52.00878 0.00141 -0.26990 0.00215 0.96289
36617.131502420 -0.99765 -0.24298 52.02133 0.00149 -0.27116 0.00231 0.96253
36617.141553986 -1.01773 -0.25707 52.05913 0.00105 -0.27245 0.00249 0.96217
36617.151776424 -1.02955 -0.25632 52.07363 0.00069 -0.27367 0.00273 0.96182
36617.161811447 -1.07431 -0.25008 52.12353 0.00071 -0.27482 0.00235 0.96149
36617.171863007 -1.09432 -0.25502 52.13756 0.00069 -0.27571 0.00279 0.96124
36617.181915877 -1.10941 -0.26219 52.16559 0.00079 -0.27674 0.00231 0.96094
36617.191969354 -1.13865 -0.26588 52.18400 0.00047 -0.27760 0.00237 0.96069
36617.202026319 -1.16287 -0.26919 52.20295 -0.00008 -0.27843 0.00243 0.96045
36617.212154357 -1.19962 -0.28170 52.22878 0.00002 -0.27954 0.00247 0.96013
36617.222240875 -1.23398 -0.26647 52.27409 0.00013 -0.28052 0.00124 0.95985
36617.232274660 -1.25105 -0.27264 52.28907 -0.00050 -0.28163 0.00281 0.95952
36617.242294508 -1.26773 -0.27060 52.31888 -0.00006 -0.28256 0.00266 0.95924
36617.252295432 -1.29163 -0.27087 52.35546 -0.00062 -0.28369 0.00294 0.95891
36617.262308020 -1.31745 -0.26930 52.40306 -0.00063 -0.28524 0.00308 0.95845
36617.272326150 -1.34456 -0.25752 52.46125 -0.00037 -0.28667 0.00321 0.95802
36617.282353810 -1.36463 -0.25990 52.48448 -0.00022 -0.28753 0.00294 0.95777
36617.292405260 -1.38978 -0.25648 52.50066 -0.00068 -0.28873 0.00314 0.95741
36617.302456792 -1.42173 -0.25884 52.52845 -0.00053 -0.28960 0.00243 0.95715
36617.312508219 -1.45325 -0.26099 52.57264 -0.00072 -0.29073 0.00245 0.95680
36617.322560434 -1.46217 -0.26297 52.58666 -0.00068 -0.29197 0.00238 0.95642
36617.332722504 -1.49159 -0.26718 52.60936 -0.00093 -0.29306 0.00245 0.95609
36617.342792405 -1.52975 -0.27172 52.63964 -0.00126 -0.29410 0.00212 0.95577
36617.352843896 -1.55409 -0.27642 52.66974 -0.00152 -0.29539 0.00272 0.95537
36617.362896839 -1.57168 -0.27998 52.67767 -0.00185 -0.29639 0.00254 0.95506
36617.372949636 -1.59255 -0.27547 52.72346 -0.00162 -0.29752 0.00200 0.95471
36617.383002406 -1.61593 -0.27666 52.75504 -0.00155 -0.29881 0.00191 0.95431
36617.393055351 -1.64337 -0.27641 52.78974 -0.00150 -0.30005 0.00102 0.95392
36617.403107005 -1.66755 -0.27499 52.83847 -0.00151 -0.30150 0.00194 0.95346
36617.413159930 -1.69114 -0.27355 52.86486 -0.00133 -0.30272 0.00103 0.95308
36617.423211658 -1.70502 -0.27869 52.86872 -0.00135 -0.30357 0.00146 0.95281
36617.433263579 -1.73257 -0.27285 52.90065 -0.00144 -0.30502 0.00160 0.95234
36617.443315374 -1.74658 -0.28559 52.90578 -0.00154 -0.30616 0.00098 0.95198
36617.453369965 -1.78507 -0.28375 52.95646 -0.00135 -0.30730 0.00044 0.95161
36617.463423575 -1.81519 -0.28222 52.98977 -0.00141 -0.30866 0.00074 0.95117
36617.473476014 -1.84964 -0.27297 53.02275 -0.00111 -0.30971 0.00067 0.95083
36617.483528038 -1.87592 -0.27340 53.05899 -0.00121 -0.31104 0.00008 0.95039
36617.493579879 -1.89128 -0.28289 53.05925 -0.00116 -0.31215 -0.00052 0.95003
36617.503980546 -1.92354 -0.27808 53.09305 -0.00135 -0.31307 -0.00054 0.94973
36617.514293784 -1.95788 -0.28359 53.13143 -0.00145 -0.31448 -0.00052 0.94926
36617.524345171 -1.97416 -0.28836 53.14211 -0.00177 -0.31562 -0.00102 0.94888
36617.534402470 -2.00129 -0.28508 53.18297 -0.00162 -0.31661 -0.00179 0.94855
36617.544454123 -2.02817 -0.28897 53.19870 -0.00177 -0.31765 -0.00073 0.94821
36617.554505836 -2.05833 -0.28719 53.25689 -0.00202 -0.31921 -0.00095 0.94768
36617.564559919 -2.07291 -0.29795 53.26445 -0.00209 -0.32042 -0.00101 0.94727
36617.574701497 -2.09565 -0.29554 53.29275 -0.00230 -0.32193 -0.00144 0.94676
36617.585057258 -2.12566 -0.29500 53.33115 -0.00245 -0.32294 -0.00145 0.94641
36617.595110087 -2.14934 -0.30047 53.35148 -0.00258 -0.32406 -0.00150 0.94603
36617.605220039 -2.17349 -0.30251 53.37551 -0.00290 -0.32537 -0.00140 0.94558
36617.615272722 -2.20899 -0.29368 53.41305 -0.00274 -0.32657 -0.00141 0.94517
36617.625345349 -2.24705 -0.28520 53.46108 -0.00244 -0.32772 -0.00197 0.94477
36617.635399037 -2.27080 -0.28449 53.46432 -0.00220 -0.32874 -0.00245 0.94442
36617.645451644 -2.29460 -0.28431 53.48525 -0.00220 -0.32972 -0.00212 0.94407
36617.655504472 -2.32651 -0.28641 53.51139 -0.00260 -0.33114 -0.00218 0.94358
36617.665557076 -2.34600 -0.29089 53.53385 -0.00278 -0.33237 -0.00233 0.94314
36617.675944207 -2.37805 -0.29111 53.58182 -0.00257 -0.33366 -0.00272 0.94269
36617.686354182 -2.41752 -0.28968 53.61191 -0.00276 -0.33480 -0.00306 0.94228
36617.696405878 -2.44376 -0.28743 53.63292 -0.00263 -0.33602 -0.00307 0.94185
36617.707391210 -2.47620 -0.29655 53.65726 -0.00293 -0.33714 -0.00340 0.94144
36617.717443412 -2.51005 -0.27914 53.69351 -0.00249 -0.33845 -0.00350 0.94098
36617.727497188 -2.54488 -0.28010 53.72256 -0.00257 -0.33960 -0.00348 0.94056
36617.737548906 -2.56284 -0.28505 53.73679 -0.00303 -0.34045 -0.00268 0.94025
36617.747686666 -2.57936 -0.28498 53.75736 -0.00317 -0.34186 -0.00284 0.93974
36617.758529000 -2.58370 -0.30170 53.76902 -0.00325 -0.34232 -0.00256 0.93957
36617.768581841 -2.60299 -0.29801 53.79425 -0.00406 -0.34365 -0.00272 0.93909
36617.778736849 -2.64862 -0.30357 53.81565 -0.00435 -0.34540 -0.00207 0.93844
36617.788745100 -2.67551 -0.30796 53.84527 -0.00413 -0.34683 -0.00257 0.93792
36617.798796669 -2.70212 -0.30798 53.87837 -0.00437 -0.34806 -0.00238 0.93746
36617.808850106 -2.73796 -0.30126 53.90535 -0.00444 -0.34911 -0.00209 0.93707
36617.818904894 -2.78400 -0.29625 53.93933 -0.00439 -0.35010 -0.00218 0.93670
36617.828957567 -2.81916 -0.29876 53.97632 -0.00470 -0.35126 -0.00177 0.93626
36617.839009177 -2.83334 -0.28834 54.00323 -0.00472 -0.35251 -0.00090 0.93579
36617.849061075 -2.87646 -0.28979 54.05148 -0.00446 -0.35366 -0.00241 0.93536
36617.859070318 -2.89608 -0.28274 54.06932 -0.00414 -0.35481 -0.00109 0.93493
36617.879509408 -2.93168 -0.28910 54.11850 -0.00475 -0.35764 0.00021 0.93385
36617.890152971 -2.97339 -0.28755 54.15704 -0.00475 -0.35891 0.00073 0.93336
36617.900206446 -2.99998 -0.28628 54.17919 -0.00434 -0.36026 0.00150 0.93284
36617.910442458 -3.02087 -0.29107 54.19741 -0.00453 -0.36147 0.00189 0.93237
36617.920494016 -3.05806 -0.29321 54.23369 -0.00476 -0.36273 0.00238 0.93188
36617.930546625 -3.09004 -0.28555 54.26129 -0.00436 -0.36359 0.00216 0.93155
36617.940663840 -3.11874 -0.28579 54.27746 -0.00450 -0.36508 0.00292 0.93096
36617.950814672 -3.13664 -0.29433 54.28879 -0.00467 -0.36621 0.00266 0.93052
36617.960866473 -3.16661 -0.30572 54.31437 -0.00482 -0.36729 0.00346 0.93009
36617.971306334 -3.19209 -0.30015 54.33425 -0.00495 -0.36855 0.00377 0.92959
36617.981358038 -3.22060 -0.29615 54.37854 -0.00485 -0.36990 0.00358 0.92905
36617.991409935 -3.24415 -0.29237 54.39770 -0.00488 -0.37107 0.00435 0.92858
36618.001421083 -3.29356 -0.28755 54.43226 -0.00462 -0.37183 0.00429 0.92828
36618.011473143 -3.32408 -0.28638 54.45928 -0.00463 -0.37317 0.00376 0.92775
36618.021526494 -3.35226 -0.28525 54.49898 -0.00459 -0.37438 0.00382 0.92726
36618.031578139 -3.38593 -0.28379 54.53007 -0.00466 -0.37566 0.00453 0.92673
36618.042058565 -3.42376 -0.28125 54.57585 -0.00478 -0.37702 0.00534 0.92618
36618.055141947 -3.45135 -0.27637 54.59992 -0.00466 -0.37851 0.00501 0.92557
36618.065195425 -3.48842 -0.28164 54.64019 -0.00461 -0.37976 0.00478 0.92506
36618.085301269 -3.54092 -0.27536 54.68910 -0.00410 -0.38178 0.00477 0.92423
36618.095353915 -3.58751 -0.26878 54.71717 -0.00373 -0.38318 0.00388 0.92366
36618.115416035 -3.62182 -0.26887 54.73935 -0.00330 -0.38528 0.00450 0.92278
36618.125469750 -3.67408 -0.26383 54.79197 -0.00316 -0.38613 0.00382 0.92243
36618.135521357 -3.70607 -0.26919 54.81798 -0.00310 -0.38763 0.00373 0.92180
36618.145573992 -3.73446 -0.26456 54.83657 -0.00283 -0.38883 0.00390 0.92130
36618.155768835 -3.76364 -0.26716 54.85439 -0.00231 -0.38980 0.00316 0.92089
36618.166207771 -3.81000 -0.26199 54.88736 -0.00163 -0.39080 0.00224 0.92047
36618.176262982 -3.84928 -0.25441 54.92500 -0.00114 -0.39204 0.00194 0.91995
36618.186276615 -3.86174 -0.25124 54.94124 -0.00085 -0.39321 0.00272 0.91945
36618.196277397 -3.90165 -0.25186 54.97252 -0.00088 -0.39427 0.00260 0.91899
36618.207331745 -3.93678 -0.24742 55.01420 -0.00060 -0.39591 0.00236 0.91829
36618.217356231 -3.96483 -0.24520 55.03891 -0.00040 -0.39751 0.00274 0.91759
36618.227407624 -4.00246 -0.24067 55.05518 0.00030 -0.39868 0.00220 0.91709
36618.237459131 -4.02662 -0.23885 55.08862 0.00045 -0.40005 0.00185 0.91649
36618.247510839 -4.06936 -0.24373 55.12620 0.00032 -0.40134 0.00216 0.91592
36618.257563693 -4.09952 -0.24203 55.14990 0.00062 -0.40284 0.00228 0.91527
36618.267784737 -4.14105 -0.23418 55.17833 0.00105 -0.40414 0.00183 0.91469
36618.278012703 -4.15779 -0.22997 55.20637 0.00114 -0.40553 0.00196 0.91408
36618.288064600 -4.19574 -0.21698 55.24867 0.00182 -0.40716 0.00124 0.91336
36618.298115915 -4.22451 -0.22679 55.26850 0.00174 -0.40847 0.00298 0.91277
36618.308170922 -4.25556 -0.21669 55.29209 0.00194 -0.40971 0.00201 0.91221
36618.318224337 -4.29884 -0.21303 55.32329 0.00251 -0.41097 0.00232 0.91164
36618.328275904 -4.32668 -0.20621 55.34771 0.00242 -0.41217 0.00256 0.91110
36618.338329272 -4.36753 -0.19996 55.38492 0.00259 -0.41343 0.00321 0.91052
36618.348383929 -4.40205 -0.19952 55.40360 0.00269 -0.41479 0.00278 0.90991
36618.358399689 -4.41724 -0.20302 55.40877 0.00288 -0.41573 0.00249 0.90948
36618.368454998 -4.46591 -0.20753 55.43811 0.00246 -0.41696 0.00230 0.90892
36618.378509736 -4.51623 -0.19753 55.48088 0.00256 -0.41807 0.00335 0.90841
36618.388561381 -4.54046 -0.18844 55.49758 0.00311 -0.41930 0.00362 0.90784
36618.399031992 -4.57449 -0.18543 55.52326 0.00284 -0.42054 0.00399 0.90726
36618.409374908 -4.60089 -0.19118 55.53067 0.00283 -0.42145 0.00399 0.90684
36618.430485618 -4.64215 -0.20365 55.54866 0.00225 -0.42383 0.00504 0.90573
36618.440539674 -4.65332 -0.21368 55.54877 0.00155 -0.42492 0.00439 0.90522
36618.450966066 -4.70629 -0.21715 55.58958 0.00134 -0.42628 0.00433 0.90458
36618.461471821 -4.74418 -0.22684 55.60518 0.00110 -0.42732 0.00434 0.90409
36618.481579055 -4.79547 -0.22438 55.63806 0.00056 -0.42939 0.00485 0.90311
36618.491911933 -4.84469 -0.22842 55.66529 0.00051 -0.43076 0.00402 0.90246
36618.501943956 -4.86168 -0.22469 55.67696 0.00037 -0.43153 0.00488 0.90208
36618.511995386 -4.89891 -0.22289 55.69729 0.00067 -0.43285 0.00453 0.90145
36618.522048051 -4.94884 -0.21510 55.74250 0.00030 -0.43414 0.00492 0.90083
36618.532100605 -4.98651 -0.20687 55.76931 0.00002 -0.43549 0.00603 0.90017
36618.542153126 -5.01949 -0.20619 55.80012 -0.00006 -0.43673 0.00533 0.89958
36618.552204962 -5.04584 -0.20524 55.83155 0.00005 -0.43797 0.00488 0.89898
36618.572308066 -5.12122 -0.19866 55.89529 -0.00064 -0.44062 0.00654 0.89767
36618.582359506 -5.14773 -0.18890 55.92187 -0.00100 -0.44237 0.00755 0.89680
36618.592410888 -5.19445 -0.18696 55.96130 -0.00131 -0.44363 0.00706 0.89618
36618.602462449 -5.22431 -0.18523 55.98544 -0.00087 -0.44489 0.00708 0.89556
36618.612516616 -5.25767 -0.18469 56.00472 -0.00102 -0.44605 0.00702 0.89498
36618.622568288 -5.28785 -0.18900 56.02834 -0.00183 -0.44721 0.00785 0.89439
36618.633011660 -5.33072 -0.17723 56.06332 -0.00162 -0.44863 0.00785 0.89368
36618.643015503 -5.37500 -0.17200 56.10058 -0.00178 -0.44971 0.00770 0.89314
36618.654280747 -5.40791 -0.17348 56.11800 -0.00214 -0.45094 0.00816 0.89252
36618.667127631 -5.44418 -0.16636 56.13835 -0.00163 -0.45210 0.00832 0.89193
36618.687267617 -5.52046 -0.17084 56.18291 -0.00216 -0.45472 0.00804 0.89060
36618.697318831 -5.56258 -0.17231 56.20873 -0.00273 -0.45590 0.00784 0.88999
36618.717420217 -5.62755 -0.17741 56.24636 -0.00342 -0.45790 0.00863 0.88896
36618.727471611 -5.67587 -0.17105 56.28845 -0.00331 -0.45921 0.00689 0.88830
36618.737523630 -5.70418 -0.16783 56.31480 -0.00342 -0.46063 0.00783 0.88755
36618.747576162 -5.74830 -0.15918 56.34776 -0.00392 -0.46198 0.00762 0.88685
36618.757888244 -5.79050 -0.16760 56.37490 -0.00452 -0.46316 0.00778 0.88623
36618.768263378 -5.81430 -0.17386 56.39639 -0.00542 -0.46472 0.00838 0.88540
36618.778320115 -5.85169 -0.17666 56.43422 -0.00547 -0.46600 0.00663 0.88474
36618.788372616 -5.88791 -0.16908 56.44652 -0.00584 -0.46686 0.00713 0.88429
36618.798402180 -5.92635 -0.16648 56.46612 -0.00592 -0.46789 0.00654 0.88374
36618.808455770 -5.96341 -0.16074 56.48444 -0.00616 -0.46898 0.00641 0.88316
36618.818549136 -6.01220 -0.15550 56.51670 -0.00604 -0.46998 0.00607 0.88264
36618.829004655 -6.04169 -0.15697 56.53269 -0.00612 -0.47126 0.00617 0.88195
36618.839056351 -6.08567 -0.15547 56.56259 -0.00610 -0.47223 0.00531 0.88144
36618.849108469 -6.11807 -0.15425 56.58046 -0.00627 -0.47367 0.00494 0.88067
36618.859161243 -6.15980 -0.14876 56.60410 -0.00622 -0.47492 0.00421 0.88000
36618.869171840 -6.18842 -0.15132 56.63079 -0.00655 -0.47619 0.00526 0.87930
36618.879223795 -6.22351 -0.14847 56.64223 -0.00632 -0.47727 0.00433 0.87872
36618.889275553 -6.26429 -0.14472 56.65921 -0.00679 -0.47800 0.00399 0.87832
36618.899327273 -6.29928 -0.15211 56.67386 -0.00673 -0.47916 0.00400 0.87769
36618.909378842 -6.31881 -0.14993 56.67661 -0.00607 -0.48035 0.00268 0.87705
36618.919431057 -6.36559 -0.15869 56.70824 -0.00716 -0.48130 0.00217 0.87652
36618.929482909 -6.38675 -0.15905 56.71569 -0.00730 -0.48272 0.00223 0.87574
36618.939513870 -6.42442 -0.16298 56.73388 -0.00754 -0.48384 0.00298 0.87512
36618.949565438 -6.47358 -0.15006 56.76326 -0.00700 -0.48479 0.00226 0.87460
36618.959750585 -6.51562 -0.15127 56.79114 -0.00711 -0.48635 0.00261 0.87373
36618.969839841 -6.56068 -0.14415 56.83673 -0.00668 -0.48759 0.00222 0.87304
36618.980081663 -6.59762 -0.13657 56.85804 -0.00650 -0.48941 0.00174 0.87203
36618.990134165 -6.61998 -0.13845 56.87343 -0.00696 -0.49028 0.00208 0.87153
36619.000155906 -6.67089 -0.13617 56.89698 -0.00652 -0.49139 0.00182 0.87091
36619.010208144 -6.70929 -0.12502 56.91711 -0.00642 -0.49254 0.00196 0.87027
36619.020259656 -6.74705 -0.12779 56.93004 -0.00646 -0.49365 0.00206 0.86963
36619.030312057 -6.78106 -0.12456 56.95785 -0.00616 -0.49498 0.00155 0.86888
36619.040363752 -6.81284 -0.12517 56.96986 -0.00588 -0.49603 0.00083 0.86829
36619.050398448 -6.83766 -0.11783 56.96801 -0.00620 -0.49698 0.00215 0.86774
36619.062227054 -6.89472 -0.11589 56.99695 -0.00554 -0.49820 0.00081 0.86704
36619.072280149 -6.92018 -0.12441 57.00943 -0.00604 -0.49894 0.00112 0.86661
36619.082333263 -6.96534 -0.12230 57.02975 -0.00534 -0.50056 0.00047 0.86569
36619.092561449 -7.00971 -0.11662 57.05489 -0.00487 -0.50151 -0.00004 0.86514
36619.103812133 -7.05246 -0.11041 57.07980 -0.00478 -0.50296 0.00126 0.86430
36619.114552326 -7.08748 -0.10728 57.09881 -0.00488 -0.50440 0.00233 0.86345
36619.125013802 -7.12368 -0.11021 57.11540 -0.00392 -0.50551 0.00042 0.86281
36619.135065390 -7.16450 -0.10507 57.14562 -0.00395 -0.50697 0.00101 0.86195
36619.145116880 -7.21483 -0.09886 57.17937 -0.00326 -0.50801 0.00036 0.86135
36619.155189623 -7.24818 -0.09396 57.19978 -0.00250 -0.50917 0.00013 0.86066
36619.165284411 -7.28919 -0.08120 57.22439 -0.00260 -0.51044 0.00131 0.85991
36619.175298729 -7.32404 -0.08531 57.23713 -0.00194 -0.51142 0.00046 0.85933
36619.185351968 -7.35340 -0.08547 57.24071 -0.00218 -0.51214 0.00096 0.85890
36619.195403492 -7.39270 -0.08443 57.24855 -0.00245 -0.51337 0.00145 0.85817
36619.205998364 -7.41709 -0.09034 57.25778 -0.00213 -0.51439 0.00051 0.85755
36619.216051300 -7.46077 -0.09603 57.27160 -0.00210 -0.51518 0.00015 0.85708
36619.226104356 -7.48717 -0.09970 57.27419 -0.00247 -0.51643 0.00028 0.85633
36619.236157867 -7.52359 -0.10660 57.28488 -0.00346 -0.51742 0.00177 0.85572
36619.246209583 -7.55305 -0.10920 57.29768 -0.00254 -0.51831 0.00082 0.85519
36619.256261356 -7.59485 -0.11217 57.30351 -0.00307 -0.51942 0.00099 0.85451
36619.266315317 -7.60812 -0.12181 57.30947 -0.00343 -0.52054 0.00120 0.85383
36619.276367074 -7.64165 -0.12438 57.30722 -0.00310 -0.52127 0.00072 0.85339
36619.286402748 -7.68785 -0.12040 57.33493 -0.00351 -0.52249 0.00091 0.85264
36619.296506924 -7.72977 -0.11512 57.35711 -0.00284 -0.52379 0.00131 0.85184
36619.306847431 -7.78409 -0.11210 57.38548 -0.00292 -0.52512 0.00154 0.85102
36619.317316451 -7.81554 -0.10612 57.39842 -0.00273 -0.52637 0.00123 0.85025
36619.327371672 -7.81321 -0.10207 57.40323 -0.00264 -0.52724 0.00164 0.84971
36619.337439999 -7.88116 -0.10290 57.44337 -0.00256 -0.52870 0.00140 0.84880
36619.347493068 -7.92538 -0.10040 57.46471 -0.00255 -0.53021 0.00228 0.84786
36619.357546192 -7.95396 -0.09162 57.48327 -0.00261 -0.53148 0.00293 0.84706
36619.368246623 -8.00484 -0.08446 57.50788 -0.00165 -0.53272 0.00265 0.84629
36619.378300632 -8.03434 -0.08275 57.51713 -0.00209 -0.53374 0.00316 0.84564
36619.388354921 -8.06977 -0.08297 57.53127 -0.00210 -0.53493 0.00393 0.84488
36619.398400184 -8.10968 -0.09063 57.53926 -0.00202 -0.53583 0.00353 0.84432
36619.408453534 -8.12646 -0.09533 57.54356 -0.00265 -0.53704 0.00419 0.84354
36619.418506408 -8.17229 -0.09054 57.56446 -0.00237 -0.53823 0.00423 0.84278
36619.428559480 -8.20674 -0.08897 57.57739 -0.00203 -0.53888 0.00425 0.84237
36619.438850451 -8.25873 -0.08645 57.59638 -0.00115 -0.53996 0.00397 0.84168
36619.448878251 -8.29011 -0.08558 57.60400 -0.00127 -0.54131 0.00401 0.84081
36619.458883774 -8.33563 -0.08153 57.63049 -0.00112 -0.54249 0.00462 0.84005
36619.479226004 -8.38268 -0.08209 57.64577 -0.00132 -0.54429 0.00525 0.83888
36619.489278042 -8.41815 -0.08772 57.66167 -0.00221 -0.54547 0.00559 0.83811
36619.499329325 -8.46491 -0.08258 57.68503 -0.00132 -0.54655 0.00498 0.83741
36619.519433956 -8.53937 -0.08907 57.70191 -0.00155 -0.54859 0.00543 0.83608
36619.529486596 -8.58015 -0.08185 57.71005 -0.00065 -0.54925 0.00499 0.83564
36619.539539813 -8.61864 -0.07491 57.72974 -0.00034 -0.55026 0.00463 0.83498
36619.550050646 -8.67112 -0.06598 57.75096 0.00052 -0.55142 0.00498 0.83421
36619.570220062 -8.73290 -0.06629 57.76834 0.00032 -0.55352 0.00511 0.83282
36619.580241336 -8.78324 -0.06291 57.78477 0.00106 -0.55448 0.00405 0.83219
36619.590249128 -8.83185 -0.06004 57.80300 0.00074 -0.55545 0.00519 0.83153
36619.600300516 -8.87241 -0.05044 57.82354 0.00152 -0.55669 0.00489 0.83070
36619.610352016 -8.89816 -0.05560 57.82290 0.00134 -0.55767 0.00477 0.83005
36619.620403479 -8.94724 -0.05644 57.83313 0.00189 -0.55854 0.00440 0.82946
36619.630454851 -8.98129 -0.05921 57.84752 0.00183 -0.55928 0.00429 0.82897
36619.640506268 -9.02006 -0.04421 57.86842 0.00234 -0.56059 0.00442 0.82808
36619.650557607 -9.06874 -0.03893 57.89368 0.00286 -0.56184 0.00450 0.82723
36619.671136066 -9.12456 -0.04126 57.90462 0.00308 -0.56407 0.00428 0.82571
36619.681188046 -9.16859 -0.03680 57.92425 0.00349 -0.56524 0.00412 0.82491
36619.691239973 -9.21628 -0.02948 57.95331 0.00404 -0.56672 0.00357 0.82390
36619.701291715 -9.25166 -0.02316 57.97291 0.00447 -0.56766 0.00398 0.82324
36619.711344790 -9.30778 -0.01087 58.00279 0.00482 -0.56919 0.00368 0.82219
36619.721421388 -9.36094 0.00157 58.02353 0.00529 -0.57019 0.00412 0.82148
36619.731464360 -9.38488 -0.00108 58.03440 0.00556 -0.57142 0.00380 0.82063
36619.741486813 -9.43769 0.00848 58.05864 0.00607 -0.57249 0.00301 0.81988
36619.751553751 -9.47297 0.00548 58.06312 0.00608 -0.57341 0.00293 0.81924
36619.761947302 -9.53562 0.01490 58.08399 0.00713 -0.57457 0.00165 0.81842
36619.772000554 -9.56724 0.01483 58.09399 0.00674 -0.57551 0.00293 0.81776
36619.782053492 -9.62255 0.00925 58.10190 0.00705 -0.57657 0.00191 0.81702
36619.792106388 -9.65601 0.00986 58.10586 0.00735 -0.57739 0.00177 0.81643
36619.802157973 -9.68241 0.00792 58.10546 0.00675 -0.57841 0.00215 0.81572
36619.812209844 -9.72039 0.00307 58.11318 0.00674 -0.57940 0.00172 0.81501
36619.822261391 -9.74418 -0.00972 58.11509 0.00593 -0.58061 0.00253 0.81415
36619.832313146 -9.76208 -0.01699 58.11291 0.00584 -0.58128 0.00223 0.81368
36619.842364901 -9.78759 -0.03788 58.10783 0.00492 -0.58217 0.00217 0.81305
36619.852417050 -9.81677 -0.04461 58.11046 0.00477 -0.58308 0.00198 0.81240
36619.862468731 -9.85061 -0.04524 58.11242 0.00465 -0.58401 0.00226 0.81173
36619.872520430 -9.92333 -0.04654 58.12930 0.00487 -0.58462 0.00146 0.81129
36619.882572269 -9.96086 -0.03592 58.14302 0.00554 -0.58573 0.00188 0.81049
36619.892787618 -9.99519 -0.02988 58.15791 0.00518 -0.58691 0.00188 0.80963
36619.913237326 -10.07693 -0.02559 58.18545 0.00560 -0.58870 0.00106 0.80833
36619.923290355 -10.14583 -0.01577 58.20566 0.00590 -0.58974 0.00131 0.80757
36619.933343187 -10.19853 -0.00915 58.21704 0.00574 -0.59073 0.00225 0.80684
36619.943396202 -10.24759 0.00224 58.24538 0.00616 -0.59200 0.00201 0.80591
36619.953447721 -10.27998 0.00409 58.25217 0.00629 -0.59296 0.00253 0.80520
36619.963499108 -10.32098 0.00421 58.25385 0.00637 -0.59389 0.00275 0.80451
36619.973550414 -10.35115 0.00849 58.26851 0.00609 -0.59466 0.00185 0.80395
36619.983695183 -10.41555 0.00883 58.29268 0.00646 -0.59570 0.00173 0.80318
36619.994057304 -10.45319 0.00976 58.30667 0.00657 -0.59672 0.00225 0.80242
36620.004086318 -10.49292 0.01614 58.31718 0.00650 -0.59761 0.00179 0.80176
36620.014206180 -10.54344 0.02220 58.33287 0.00706 -0.59863 0.00156 0.80099
36620.024257683 -10.57060 0.01750 58.33771 0.00681 -0.59957 0.00166 0.80029
36620.034309110 -10.60996 0.02004 58.34781 0.00682 -0.60070 0.00153 0.79944
36620.044360519 -10.66123 0.02857 58.37140 0.00721 -0.60163 0.00147 0.79874
36620.054400174 -10.72552 0.03894 58.38221 0.00784 -0.60246 0.00146 0.79811
36620.064451581 -10.75639 0.03745 58.38065 0.00727 -0.60331 0.00159 0.79747
36620.074504634 -10.79148 0.03987 58.40272 0.00750 -0.60424 0.00166 0.79676
36620.084560854 -10.83988 0.04179 58.42169 0.00749 -0.60523 0.00118 0.79601
36620.094996378 -10.87624 0.04088 58.42439 0.00700 -0.60641 0.00209 0.79512
36620.105132674 -10.92820 0.04470 58.43132 0.00797 -0.60697 0.00131 0.79468
36620.115199878 -10.96887 0.04820 58.43064 0.00812 -0.60784 0.00161 0.79401
36620.125251582 -11.01665 0.04903 58.44830 0.00782 -0.60865 0.00192 0.79340
36620.135263567 -11.04493 0.04880 58.45203 0.00815 -0.60952 0.00201 0.79273
36620.145342420 -11.09402 0.04780 58.46468 0.00812 -0.61049 0.00158 0.79198
36620.158005932 -11.15410 0.06124 58.48765 0.00814 -0.61180 0.00203 0.79097
36620.169060571 -11.18141 0.05528 58.49231 0.00828 -0.61297 0.00207 0.79006
36620.179112842 -11.22721 0.05528 58.50704 0.00795 -0.61398 0.00211 0.78928
36620.189166276 -11.28035 0.06624 58.51710 0.00832 -0.61466 0.00209 0.78875
36620.199219082 -11.32037 0.06724 58.51969 0.00848 -0.61561 0.00243 0.78800
36620.209271059 -11.35316 0.06572 58.53208 0.00896 -0.61635 0.00160 0.78742
36620.219323877 -11.40565 0.07053 58.53916 0.00850 -0.61744 0.00206 0.78657
36620.229377920 -11.44390 0.06782 58.55175 0.00806 -0.61849 0.00182 0.78575
36620.239430784 -11.47714 0.06095 58.54804 0.00821 -0.61922 0.00244 0.78517
36620.249482672 -11.52346 0.06449 58.56705 0.00802 -0.62020 0.00209 0.78440
36620.259535981 -11.56500 0.06356 58.57334 0.00766 -0.62121 0.00235 0.78361
36620.270134483 -11.60711 0.05625 58.57497 0.00799 -0.62206 0.00206 0.78293
36620.280187010 -11.64725 0.06094 58.58242 0.00806 -0.62296 0.00197 0.78221
36620.290238484 -11.70574 0.07207 58.59765 0.00860 -0.62343 0.00175 0.78183
36620.300290252 -11.75716 0.08866 58.60144 0.00903 -0.62444 0.00185 0.78101
36620.310341637 -11.80002 0.08386 58.61579 0.00887 -0.62534 0.00134 0.78030
36620.320395094 -11.83418 0.07645 58.61226 0.00822 -0.62622 0.00224 0.77960
36620.330446842 -11.87500 0.07605 58.61808 0.00824 -0.62689 0.00151 0.77906
36620.340498585 -11.92587 0.08821 58.62917 0.00859 -0.62791 0.00146 0.77823
36620.350550096 -11.96529 0.08847 58.63724 0.00828 -0.62878 0.00100 0.77754
36620.360756814 -12.01251 0.08098 58.64015 0.00836 -0.62965 0.00093 0.77683
36620.370760922 -12.05336 0.07444 58.65644 0.00784 -0.63082 0.00169 0.77589
36620.380767543 -12.08204 0.07301 58.65454 0.00745 -0.63170 0.00074 0.77517
36620.391044917 -12.11270 0.06667 58.65657 0.00714 -0.63240 0.00099 0.77461
36620.401098915 -12.16196 0.05963 58.66266 0.00695 -0.63320 0.00090 0.77396
36620.411151375 -12.19852 0.05829 58.66179 0.00631 -0.63408 0.00136 0.77324
36620.421202984 -12.25774 0.06034 58.67631 0.00700 -0.63480 0.00069 0.77264
36620.431254905 -12.31621 0.06974 58.68817 0.00770 -0.63576 0.00003 0.77185
36620.441306827 -12.36669 0.08186 58.69947 0.00781 -0.63681 0.00047 0.77098
36620.451371330 -12.38560 0.08942 58.69318 0.00815 -0.63732 0.00022 0.77056
36620.471477870 -12.47076 0.08946 58.70235 0.00868 -0.63896 0.00031 0.76919
36620.481530528 -12.51554 0.08812 58.69896 0.00864 -0.64011 -0.00019 0.76823
36620.491582533 -12.57053 0.09321 58.72048 0.00907 -0.64106 -0.00014 0.76743
36620.502051491 -12.61927 0.09040 58.73065 0.00976 -0.64213 -0.00019 0.76653
36620.512147524 -12.68226 0.08939 58.73963 0.00963 -0.64312 -0.00058 0.76570
36620.522154062 -12.69614 0.08704 58.73917 0.00973 -0.64386 -0.00072 0.76508
36620.532240500 -12.76623 0.08980 58.74704 0.00977 -0.64476 0.00016 0.76432
36620.542241531 -12.79937 0.08940 58.73993 0.01044 -0.64561 -0.00031 0.76360
36620.552294701 -12.82725 0.09146 58.73670 0.01051 -0.64636 -0.00020 0.76296
36620.568949191 -12.85812 0.07836 58.73519 0.01043 -0.64754 -0.00030 0.76196
36620.579002199 -12.93947 0.08201 58.74245 0.01145 -0.64861 -0.00081 0.76103
36620.589055323 -12.98130 0.08382 58.74419 0.01147 -0.64950 -0.00096 0.76027
36620.599106783 -13.02858 0.07770 58.75063 0.01209 -0.65031 -0.00147 0.75958
36620.609158287 -13.04965 0.07063 58.73812 0.01166 -0.65120 -0.00097 0.75882
36620.619211285 -13.10333 0.08129 58.75301 0.01241 -0.65211 -0.00123 0.75803
36620.629263260 -13.13806 0.08135 58.75237 0.01313 -0.65286 -0.00123 0.75736
36620.639315230 -13.19393 0.07170 58.74907 0.01318 -0.65358 -0.00123 0.75674
36620.649365680 -13.24882 0.07279 58.75313 0.01341 -0.65444 -0.00171 0.75599
36620.659418691 -13.28343 0.07742 58.76127 0.01368 -0.65543 -0.00179 0.75513
36620.679549069 -13.36348 0.07185 58.76765 0.01359 -0.65718 -0.00183 0.75361
36620.689577841 -13.42947 0.06690 58.77460 0.01421 -0.65803 -0.00202 0.75285
