36881.026726981 -0.00163 -0.00798 0.12319 -0.00004 0.00072 0.00081 1.00000
36881.037051969 -0.01181 -0.01002 0.25896 -0.00017 0.00121 0.00025 1.00000
36881.047101923 0.00324 -0.00095 0.38926 -0.00014 0.00217 -0.00014 1.00000
36881.057153586 0.00690 -0.00336 0.46636 -0.00019 0.00217 -0.00030 1.00000
36881.067208391 0.00961 -0.00350 0.51231 -0.00025 0.00242 0.00033 1.00000
36881.077259985 0.01531 0.00172 0.56934 -0.00007 0.00282 -0.00023 1.00000
36881.087311439 0.01438 -0.00133 0.61482 -0.00020 0.00303 0.00038 1.00000
36881.097364128 0.01222 -0.00013 0.66252 -0.00016 0.00318 -0.00043 0.99999
36881.109906810 0.01117 -0.00461 0.73090 -0.00007 0.00353 -0.00012 0.99999
36881.119959550 0.01643 -0.00252 0.78559 -0.00005 0.00397 -0.00017 0.99999
36881.130012308 0.00976 -0.00680 0.83876 -0.00012 0.00435 0.00002 0.99999
36881.140063583 0.01156 -0.00359 0.89319 0.00010 0.00459 0.00015 0.99999
36881.150116300 0.01295 -0.00769 0.95013 -0.00019 0.00501 -0.00025 0.99999
36881.160169841 0.01711 -0.00404 0.99691 -0.00002 0.00518 0.00002 0.99999
36881.170222567 0.02018 -0.00832 1.04329 -0.00008 0.00553 -0.00012 0.99998
36881.180275686 0.02319 -0.00761 1.09151 -0.00011 0.00578 -0.00056 0.99998
36881.190328536 0.02751 -0.00963 1.16513 -0.00007 0.00603 -0.00017 0.99998
36881.200382446 0.02720 -0.00713 1.20854 0.00003 0.00649 0.00028 0.99998
36881.210436117 0.02118 -0.00495 1.26765 0.00030 0.00699 -0.00004 0.99998
36881.220517714 0.02417 -0.00957 1.33469 0.00010 0.00750 -0.00002 0.99997
36881.230597881 0.01956 0.00240 1.35999 0.00066 0.00709 -0.00065 0.99997
36881.240664946 0.02350 -0.00763 1.40999 0.00055 0.00764 -0.00150 0.99997
36881.250999264 0.02540 -0.00488 1.45674 0.00088 0.00807 -0.00073 0.99997
36881.261054665 0.03643 -0.00292 1.51024 0.00079 0.00839 -0.00058 0.99996
36881.271096595 0.04576 -0.00736 1.56509 0.00074 0.00848 -0.00068 0.99996
36881.281149151 0.03117 -0.00025 1.60671 0.00085 0.00899 -0.00043 0.99996
36881.291201160 0.03363 -0.00653 1.65544 0.00081 0.00957 -0.00100 0.99995
36881.301252651 0.03832 -0.00816 1.69919 0.00074 0.01013 -0.00084 0.99995
36881.311277228 0.03521 -0.00935 1.75871 0.00053 0.01048 -0.00110 0.99994
36881.321330245 0.02901 -0.00052 1.81157 0.00096 0.01096 -0.00105 0.99994
36881.331381793 0.03300 0.00008 1.88110 0.00105 0.01148 -0.00102 0.99993
36881.341433959 0.04274 0.00221 1.94842 0.00124 0.01179 -0.00094 0.99993
36881.351485782 0.04457 0.00260 2.01179 0.00119 0.01228 -0.00062 0.99992
36881.361539298 0.05088 -0.00340 2.06011 0.00097 0.01281 -0.00079 0.99992
36881.371592424 0.05845 -0.01169 2.11291 0.00089 0.01323 -0.00041 0.99991
36881.381644134 0.05699 -0.00334 2.15927 0.00101 0.01361 -0.00065 0.99991
36881.391685270 0.05397 -0.00490 2.21555 0.00095 0.01429 -0.00130 0.99990
36881.401767527 0.05728 -0.00453 2.27786 0.00103 0.01474 -0.00087 0.99989
36881.411853183 0.05738 -0.00421 2.31165 0.00102 0.01509 -0.00082 0.99989
36881.421905906 0.06477 -0.00862 2.38425 0.00113 0.01585 -0.00202 0.99987
36881.431958629 0.06746 -0.00591 2.42714 0.00126 0.01610 -0.00139 0.99987
36881.442090325 0.07520 -0.00962 2.49603 0.00096 0.01660 -0.00105 0.99986
36881.452142953 0.08056 -0.00743 2.55414 0.00108 0.01724 -0.00135 0.99985
36881.462196597 0.08837 -0.00370 2.61297 0.00102 0.01777 -0.00099 0.99984
36881.472248282 0.08684 -0.00385 2.65492 0.00099 0.01815 -0.00074 0.99983
36881.482299840 0.08832 -0.00342 2.73721 0.00098 0.01909 -0.00072 0.99982
36881.492351905 0.08738 0.00209 2.76304 0.00109 0.01907 -0.00071 0.99982
36881.502404706 0.09644 -0.00489 2.83445 0.00111 0.01995 -0.00042 0.99980
36881.512457406 0.09665 -0.00313 2.87570 0.00105 0.02057 -0.00031 0.99979
36881.522510635 0.09642 -0.00176 2.94230 0.00126 0.02129 -0.00036 0.99977
36881.532563500 0.10955 -0.00855 3.00366 0.00131 0.02174 -0.00117 0.99976
36881.542616520 0.11983 -0.01169 3.05633 0.00131 0.02235 -0.00019 0.99975
36881.552668748 0.11235 -0.01063 3.10618 0.00108 0.02308 -0.00086 0.99973
36881.562762793 0.11942 -0.00924 3.16549 0.00123 0.02377 -0.00062 0.99972
36881.572780952 0.12549 -0.01502 3.23533 0.00102 0.02436 0.00017 0.99970
36881.582880604 0.12744 -0.01300 3.29859 0.00117 0.02483 -0.00027 0.99969
36881.592932394 0.12445 -0.01578 3.34832 0.00132 0.02556 -0.00025 0.99967
36881.602983771 0.13674 -0.01423 3.40787 0.00126 0.02631 0.00029 0.99965
36881.613176795 0.14071 -0.02163 3.46446 0.00117 0.02684 0.00040 0.99964
36881.623232627 0.15062 -0.01232 3.52985 0.00155 0.02754 0.00084 0.99962
36881.633285825 0.15502 -0.01319 3.58862 0.00149 0.02788 0.00110 0.99961
36881.643338786 0.15886 -0.01296 3.66068 0.00164 0.02868 0.00028 0.99959
36881.653392431 0.16171 -0.01270 3.71070 0.00140 0.02925 0.00108 0.99957
36881.663445599 0.17201 -0.01785 3.76901 0.00177 0.02999 0.00047 0.99955
36881.673499331 0.18322 -0.02021 3.81241 0.00148 0.03047 0.00170 0.99953
36881.683552522 0.19042 -0.01888 3.89200 0.00124 0.03121 0.00191 0.99951
36881.693604253 0.19210 -0.02177 3.95089 0.00152 0.03189 0.00228 0.99949
36881.703655784 0.20386 -0.02047 4.01002 0.00141 0.03260 0.00153 0.99947
36881.713892356 0.20820 -0.02286 4.04399 0.00142 0.03325 0.00208 0.99944
36881.724091432 0.21574 -0.02211 4.11988 0.00123 0.03406 0.00243 0.99942
36881.734143158 0.22205 -0.02045 4.17691 0.00102 0.03467 0.00314 0.99939
36881.744194934 0.22641 -0.02203 4.24360 0.00113 0.03529 0.00235 0.99937
36881.754247631 0.24312 -0.02450 4.30309 0.00080 0.03581 0.00284 0.99935
36881.764298882 0.24381 -0.02329 4.37860 0.00083 0.03655 0.00297 0.99933
36881.774350498 0.25249 -0.03582 4.42201 0.00065 0.03724 0.00287 0.99930
36881.784402067 0.26165 -0.03570 4.48650 0.00031 0.03801 0.00278 0.99927
36881.794453433 0.27552 -0.03294 4.53817 0.00056 0.03874 0.00264 0.99925
36881.804505743 0.27325 -0.03367 4.59592 0.00025 0.03933 0.00313 0.99922
36881.814560550 0.27134 -0.03339 4.64946 0.00026 0.04033 0.00290 0.99918
36881.824611945 0.28717 -0.03096 4.72036 0.00025 0.04064 0.00308 0.99917
36881.834665050 0.29948 -0.03626 4.78957 0.00046 0.04126 0.00310 0.99914
36881.845182804 0.30593 -0.03616 4.85795 0.00040 0.04210 0.00334 0.99911
36881.855235529 0.31852 -0.03702 4.91190 0.00012 0.04252 0.00367 0.99909
36881.865288935 0.32092 -0.03854 4.98222 0.00036 0.04340 0.00344 0.99905
36881.875340964 0.32613 -0.04458 5.05287 0.00002 0.04407 0.00368 0.99902
36881.885392532 0.33524 -0.03417 5.09571 0.00037 0.04470 0.00362 0.99899
36881.895444036 0.34482 -0.03394 5.14843 0.00073 0.04517 0.00379 0.99897
36881.905495436 0.34440 -0.03862 5.19530 0.00037 0.04623 0.00400 0.99892
36881.915547056 0.34039 -0.03739 5.25494 0.00064 0.04691 0.00385 0.99889
36881.925600294 0.36255 -0.04250 5.34023 0.00044 0.04740 0.00489 0.99886
36881.935652712 0.38112 -0.04494 5.40098 0.00044 0.04810 0.00462 0.99883
36881.946166796 0.38680 -0.04950 5.46855 0.00043 0.04890 0.00438 0.99879
36881.956218527 0.39489 -0.05243 5.52786 0.00027 0.04953 0.00442 0.99876
36881.966270386 0.39864 -0.04991 5.58725 0.00017 0.05019 0.00460 0.99873
36881.976322187 0.41430 -0.05035 5.65350 0.00026 0.05059 0.00535 0.99871
36881.986355006 0.42644 -0.04946 5.73028 0.00043 0.05127 0.00558 0.99867
36881.996407034 0.42511 -0.05477 5.77380 0.00029 0.05197 0.00619 0.99863
36882.006458578 0.43905 -0.05337 5.84699 0.00017 0.05294 0.00502 0.99858
36882.016510144 0.43823 -0.04679 5.91501 0.00050 0.05358 0.00625 0.99854
36882.026561533 0.45642 -0.05996 5.96132 0.00035 0.05395 0.00601 0.99853
36882.036612996 0.46735 -0.05761 6.02377 0.00028 0.05472 0.00651 0.99848
36882.046664603 0.48275 -0.06148 6.08416 0.00035 0.05514 0.00628 0.99846
36882.056751617 0.48623 -0.06414 6.15074 -0.00014 0.05614 0.00627 0.99840
36882.066875906 0.50084 -0.06267 6.22970 0.00003 0.05684 0.00626 0.99836
36882.076928481 0.51427 -0.06607 6.27289 -0.00007 0.05763 0.00755 0.99831
36882.087156193 0.51972 -0.06625 6.33986 -0.00014 0.05806 0.00686 0.99829
36882.097209188 0.52716 -0.06589 6.39442 -0.00039 0.05876 0.00725 0.99825
36882.107262762 0.53861 -0.06959 6.46337 -0.00030 0.05945 0.00647 0.99821
36882.117315565 0.54232 -0.07247 6.53611 -0.00023 0.06023 0.00642 0.99816
36882.127367055 0.55473 -0.06354 6.60771 -0.00026 0.06076 0.00670 0.99813
36882.137608958 0.57145 -0.06986 6.66731 -0.00014 0.06157 0.00747 0.99807
36882.147661607 0.58455 -0.07380 6.71878 -0.00021 0.06233 0.00654 0.99803
36882.158063358 0.59104 -0.07019 6.78987 0.00009 0.06301 0.00692 0.99799
36882.168499357 0.60670 -0.06853 6.85104 0.00001 0.06376 0.00845 0.99793
36882.178552224 0.61648 -0.06858 6.90896 0.00009 0.06425 0.00792 0.99790
36882.188605056 0.62135 -0.07159 6.96812 0.00006 0.06491 0.00809 0.99786
36882.198657970 0.62842 -0.08093 7.00951 -0.00031 0.06596 0.00761 0.99779
36882.209122822 0.64290 -0.07493 7.08985 -0.00023 0.06668 0.00858 0.99774
36882.219175600 0.66434 -0.07625 7.16453 -0.00039 0.06709 0.00825 0.99771
36882.229227454 0.68142 -0.06849 7.23834 -0.00040 0.06798 0.00752 0.99766
36882.239278922 0.69178 -0.07748 7.28037 -0.00046 0.06839 0.00794 0.99763
36882.249330364 0.69128 -0.08399 7.33898 -0.00100 0.06942 0.00795 0.99756
36882.259383292 0.71238 -0.08662 7.40760 -0.00102 0.07002 0.00765 0.99752
36882.269436253 0.71988 -0.08793 7.48418 -0.00124 0.07087 0.00779 0.99745
36882.279489721 0.73459 -0.07324 7.55988 -0.00130 0.07133 0.00889 0.99741
36882.289541371 0.74790 -0.07068 7.61146 -0.00118 0.07216 0.00869 0.99735
36882.299592730 0.75810 -0.07033 7.68638 -0.00148 0.07311 0.00846 0.99729
36882.309646056 0.76868 -0.07366 7.73822 -0.00165 0.07378 0.00853 0.99724
36882.319770803 0.78026 -0.07657 7.78725 -0.00158 0.07458 0.00911 0.99717
36882.329887479 0.79361 -0.07313 7.86965 -0.00177 0.07502 0.00926 0.99714
36882.339941403 0.81310 -0.07378 7.94570 -0.00223 0.07572 0.00995 0.99708
36882.350187619 0.82269 -0.07480 7.99761 -0.00226 0.07630 0.01072 0.99703
36882.360239090 0.83526 -0.08019 8.05398 -0.00242 0.07718 0.01056 0.99696
36882.370292377 0.84815 -0.07344 8.12387 -0.00262 0.07814 0.01003 0.99689
36882.380343668 0.85769 -0.07785 8.19213 -0.00267 0.07868 0.01026 0.99684
36882.390395340 0.86798 -0.08175 8.24421 -0.00253 0.07934 0.00947 0.99680
36882.400448878 0.88573 -0.07875 8.32349 -0.00262 0.08006 0.00962 0.99674
36882.410500991 0.89846 -0.08143 8.38466 -0.00291 0.08061 0.00992 0.99669
36882.420552993 0.91721 -0.08122 8.44923 -0.00272 0.08153 0.00958 0.99662
36882.430607254 0.92169 -0.07742 8.53652 -0.00290 0.08220 0.00922 0.99657
36882.440660559 0.93528 -0.07584 8.59878 -0.00294 0.08298 0.00928 0.99650
36882.450791641 0.95170 -0.07504 8.64883 -0.00293 0.08380 0.00970 0.99643
36882.460860398 0.96210 -0.07712 8.73424 -0.00289 0.08452 0.00924 0.99637
36882.471300519 0.97920 -0.07249 8.80548 -0.00264 0.08522 0.00909 0.99632
36882.481353057 0.99561 -0.07543 8.85792 -0.00297 0.08589 0.00959 0.99625
36882.491406760 1.00631 -0.08179 8.91088 -0.00299 0.08676 0.00903 0.99618
36882.501459539 1.01611 -0.07600 9.00136 -0.00312 0.08750 0.00879 0.99612
36882.511511163 1.02940 -0.07932 9.05971 -0.00303 0.08851 0.00898 0.99603
36882.521563767 1.04789 -0.07969 9.12270 -0.00295 0.08930 0.00832 0.99597
36882.531616544 1.05961 -0.07761 9.19564 -0.00289 0.08958 0.00892 0.99594
36882.541669408 1.07645 -0.07665 9.26125 -0.00306 0.09035 0.00877 0.99587
36882.551789769 1.08841 -0.07964 9.32828 -0.00263 0.09115 0.00850 0.99580
36882.562621574 1.10806 -0.07287 9.40793 -0.00298 0.09195 0.00835 0.99572
36882.572679952 1.12171 -0.07356 9.48644 -0.00271 0.09291 0.00860 0.99563
36882.583530773 1.12706 -0.08008 9.53650 -0.00273 0.09349 0.00893 0.99558
36882.593583804 1.14057 -0.08029 9.59035 -0.00266 0.09436 0.00846 0.99550
36882.603638326 1.16056 -0.07888 9.66008 -0.00244 0.09493 0.00846 0.99545
36882.613691309 1.17141 -0.07578 9.74181 -0.00262 0.09621 0.00745 0.99533
36882.624776722 1.19544 -0.07629 9.80310 -0.00221 0.09655 0.00796 0.99529
36882.634907708 1.21593 -0.07692 9.84807 -0.00216 0.09728 0.00807 0.99522
36882.645335966 1.23007 -0.08046 9.91419 -0.00192 0.09789 0.00846 0.99516
36882.655389280 1.24763 -0.08434 9.98281 -0.00168 0.09880 0.00784 0.99507
36882.665442263 1.25712 -0.08263 10.05549 -0.00143 0.09956 0.00810 0.99500
36882.675495712 1.28021 -0.08395 10.10882 -0.00120 0.09991 0.00901 0.99495
36882.685548221 1.29657 -0.08431 10.18801 -0.00082 0.10088 0.00827 0.99486
36882.695601090 1.30909 -0.07963 10.28505 -0.00059 0.10170 0.00832 0.99478
36882.705654576 1.32263 -0.07274 10.34969 0.00011 0.10272 0.00860 0.99467
36882.715789813 1.33341 -0.07557 10.42024 0.00032 0.10346 0.00778 0.99460
36882.725881967 1.35338 -0.08061 10.48797 0.00054 0.10400 0.00806 0.99454
36882.735896080 1.37876 -0.07608 10.54021 0.00112 0.10445 0.00883 0.99449
36882.745947941 1.39809 -0.07479 10.60262 0.00151 0.10522 0.00879 0.99441
36882.755999647 1.41983 -0.08166 10.65496 0.00173 0.10603 0.00893 0.99432
36882.766051345 1.43977 -0.08022 10.70695 0.00237 0.10641 0.00991 0.99427
36882.776103079 1.45794 -0.09199 10.77394 0.00262 0.10740 0.00787 0.99418
36882.786154913 1.46851 -0.07995 10.85389 0.00299 0.10823 0.00877 0.99408
36882.796206721 1.48512 -0.08116 10.89687 0.00349 0.10893 0.00917 0.99400
36882.806258174 1.50302 -0.08391 10.97641 0.00362 0.10977 0.00904 0.99391
36882.816311475 1.51486 -0.08677 11.06113 0.00388 0.11079 0.00865 0.99380
36882.826365508 1.53390 -0.08746 11.12699 0.00430 0.11149 0.00900 0.99372
36882.836418362 1.55284 -0.07538 11.20238 0.00475 0.11223 0.00955 0.99362
36882.846471273 1.56956 -0.07646 11.27760 0.00548 0.11300 0.00924 0.99354
36882.856525078 1.58604 -0.08629 11.34271 0.00551 0.11402 0.00786 0.99343
36882.866576524 1.60108 -0.09494 11.41971 0.00534 0.11473 0.00763 0.99335
36882.876629715 1.62527 -0.08537 11.49306 0.00606 0.11573 0.00869 0.99322
36882.886682156 1.64896 -0.09751 11.52959 0.00611 0.11635 0.00884 0.99315
36882.896776316 1.66989 -0.09878 11.58729 0.00626 0.11724 0.00858 0.99305
36882.906855942 1.68818 -0.10047 11.64090 0.00654 0.11810 0.00876 0.99294
36882.916881032 1.70551 -0.10166 11.71988 0.00674 0.11896 0.00788 0.99284
36882.926932437 1.72072 -0.10097 11.80277 0.00725 0.11951 0.00922 0.99276
36882.936984718 1.74057 -0.09868 11.85472 0.00744 0.12070 0.00878 0.99262
36882.947036560 1.76715 -0.09882 11.94061 0.00776 0.12134 0.00895 0.99254
36882.957088130 1.78466 -0.10457 12.00078 0.00777 0.12233 0.00882 0.99242
36882.967111964 1.79707 -0.09724 12.08076 0.00831 0.12340 0.00858 0.99229
36882.977163365 1.81717 -0.09409 12.15885 0.00822 0.12423 0.00798 0.99219
36882.987215808 1.84166 -0.09040 12.22638 0.00837 0.12489 0.00833 0.99210
36882.997267670 1.85985 -0.10010 12.29201 0.00843 0.12563 0.00829 0.99201
36883.007319501 1.87699 -0.11025 12.35364 0.00827 0.12673 0.00749 0.99188
36883.017371185 1.90305 -0.10324 12.44427 0.00833 0.12730 0.00817 0.99180
36883.027424333 1.92042 -0.10513 12.47534 0.00816 0.12830 0.00814 0.99167
36883.037477173 1.94192 -0.10640 12.53407 0.00823 0.12898 0.00728 0.99159
36883.047530066 1.94961 -0.10577 12.61145 0.00813 0.13007 0.00761 0.99144
36883.057581800 1.97156 -0.11385 12.67007 0.00815 0.13090 0.00769 0.99133
36883.067633481 2.00493 -0.10332 12.75994 0.00810 0.13163 0.00777 0.99124
36883.077685327 2.02258 -0.10865 12.82720 0.00785 0.13245 0.00788 0.99113
36883.088118994 2.04999 -0.11853 12.88757 0.00758 0.13338 0.00756 0.99101
36883.098170596 2.07296 -0.11895 12.94544 0.00759 0.13433 0.00800 0.99088
36883.108221920 2.08988 -0.11619 13.02128 0.00774 0.13496 0.00811 0.99079
36883.118273421 2.12230 -0.11331 13.09575 0.00764 0.13600 0.00847 0.99064
36883.128325594 2.14012 -0.12039 13.16875 0.00712 0.13667 0.00786 0.99056
36883.138377023 2.16486 -0.12367 13.20913 0.00677 0.13756 0.00799 0.99044
36883.148428287 2.18159 -0.12370 13.31362 0.00684 0.13846 0.00790 0.99031
36883.158479855 2.20254 -0.11837 13.37839 0.00706 0.13943 0.00840 0.99017
36883.168531387 2.22869 -0.12493 13.45522 0.00658 0.14013 0.00821 0.99008
36883.178584177 2.25338 -0.12281 13.53341 0.00626 0.14105 0.00834 0.98995
36883.188635598 2.27078 -0.12931 13.57495 0.00608 0.14207 0.00762 0.98981
36883.198688572 2.29464 -0.12706 13.67045 0.00593 0.14279 0.00870 0.98970
36883.208773011 2.33048 -0.12956 13.73612 0.00594 0.14372 0.00800 0.98957
36883.218781180 2.35976 -0.14046 13.79156 0.00562 0.14461 0.00887 0.98943
36883.228866367 2.36900 -0.14745 13.83907 0.00513 0.14546 0.00853 0.98931
36883.238872957 2.39535 -0.13327 13.94049 0.00530 0.14647 0.00865 0.98916
36883.248873619 2.41246 -0.12884 14.02221 0.00512 0.14760 0.00874 0.98900
36883.258887771 2.44234 -0.12290 14.09314 0.00516 0.14833 0.00869 0.98889
36883.268939117 2.45955 -0.14039 14.14737 0.00468 0.14907 0.00920 0.98877
36883.278990733 2.48691 -0.14743 14.21927 0.00440 0.15019 0.00850 0.98861
36883.289043525 2.50609 -0.13731 14.27666 0.00426 0.15112 0.00923 0.98846
36883.299095863 2.54624 -0.13968 14.38481 0.00431 0.15195 0.00928 0.98834
36883.309236387 2.56721 -0.14900 14.42041 0.00383 0.15291 0.00854 0.98820
36883.319289064 2.58535 -0.15818 14.49261 0.00351 0.15404 0.00853 0.98802
36883.329341513 2.63046 -0.16598 14.57399 0.00338 0.15480 0.00867 0.98790
36883.339396497 2.65282 -0.15707 14.65702 0.00348 0.15566 0.00957 0.98776
36883.349448136 2.67668 -0.15654 14.70558 0.00316 0.15655 0.00879 0.98763
36883.359499521 2.70370 -0.16292 14.77556 0.00307 0.15750 0.00913 0.98747
36883.369552440 2.71769 -0.16237 14.81240 0.00294 0.15820 0.01007 0.98735
36883.379603996 2.74749 -0.15878 14.91914 0.00294 0.15948 0.00940 0.98715
36883.389657709 2.77474 -0.16480 14.97777 0.00268 0.16024 0.00933 0.98703
36883.399740236 2.81476 -0.15459 15.07368 0.00277 0.16097 0.00963 0.98691
36883.409788896 2.83830 -0.14729 15.17725 0.00278 0.16227 0.00978 0.98669
36883.420195696 2.86472 -0.15021 15.23537 0.00282 0.16295 0.01091 0.98657
36883.430248298 2.90122 -0.16343 15.31837 0.00247 0.16396 0.01013 0.98641
36883.440299752 2.92395 -0.17041 15.35977 0.00177 0.16492 0.01009 0.98625
36883.450351030 2.95830 -0.18164 15.44347 0.00180 0.16588 0.00924 0.98610
36883.460404983 2.97172 -0.17578 15.50026 0.00174 0.16685 0.00990 0.98593
36883.470458573 2.99671 -0.18344 15.58571 0.00137 0.16784 0.00936 0.98577
36883.480514070 3.03469 -0.16899 15.65633 0.00150 0.16864 0.01004 0.98563
36883.490565568 3.05537 -0.16733 15.74142 0.00146 0.16981 0.01010 0.98542
36883.500617664 3.08479 -0.17054 15.81596 0.00142 0.17063 0.01014 0.98528
36883.510670991 3.10716 -0.16777 15.86084 0.00155 0.17154 0.00996 0.98513
36883.520781702 3.15222 -0.17498 15.96795 0.00117 0.17279 0.00987 0.98491
36883.531272271 3.17726 -0.17864 16.01294 0.00097 0.17348 0.01049 0.98478
36883.541323804 3.21846 -0.16866 16.12065 0.00106 0.17426 0.01026 0.98465
36883.551375443 3.23010 -0.16871 16.16594 0.00137 0.17557 0.01048 0.98441
36883.561427037 3.25533 -0.16632 16.22475 0.00142 0.17640 0.00991 0.98427
36883.571478503 3.29687 -0.18262 16.32213 0.00101 0.17729 0.01073 0.98410
36883.581530312 3.32689 -0.17162 16.40104 0.00080 0.17834 0.01043 0.98391
36883.591581829 3.35456 -0.17349 16.45426 0.00086 0.17910 0.01018 0.98378
36883.601634595 3.39568 -0.17167 16.52740 0.00084 0.17999 0.01083 0.98361
36883.611687246 3.42317 -0.18199 16.59781 0.00058 0.18093 0.01040 0.98344
36883.621915320 3.46343 -0.18060 16.69437 0.00095 0.18181 0.01127 0.98327
36883.632116903 3.49668 -0.17834 16.78241 0.00077 0.18295 0.01091 0.98306
36883.642168272 3.52632 -0.17513 16.85281 0.00075 0.18387 0.01140 0.98288
36883.652221138 3.53417 -0.17976 16.88962 0.00064 0.18491 0.01119 0.98269
36883.662274221 3.55903 -0.18692 16.96220 0.00029 0.18610 0.01082 0.98247
36883.672327238 3.59233 -0.19613 17.03082 0.00020 0.18711 0.01100 0.98228
36883.682380146 3.64185 -0.18325 17.15275 0.00047 0.18790 0.01065 0.98213
36883.692432792 3.68523 -0.18118 17.23480 0.00042 0.18877 0.01015 0.98197
36883.702484500 3.71099 -0.18371 17.28123 0.00052 0.18974 0.01119 0.98177
36883.712535976 3.74079 -0.18881 17.35323 0.00045 0.19076 0.01043 0.98158
36883.722589084 3.77616 -0.18070 17.43434 0.00066 0.19168 0.01076 0.98140
36883.732641132 3.79681 -0.19088 17.49572 0.00055 0.19274 0.01093 0.98119
36883.742692758 3.84699 -0.18565 17.58294 0.00071 0.19361 0.01106 0.98102
36883.752935261 3.86919 -0.19384 17.63889 0.00036 0.19486 0.01053 0.98077
36883.762986848 3.90677 -0.18995 17.75751 0.00051 0.19611 0.00993 0.98053
36883.773040487 3.94734 -0.19211 17.82128 0.00046 0.19691 0.01029 0.98037
36883.783047310 3.95492 -0.19494 17.87326 0.00068 0.19798 0.01037 0.98015
36883.793254271 4.00561 -0.19303 17.95705 0.00071 0.19886 0.01104 0.97997
36883.803305936 4.03453 -0.19800 18.00996 0.00087 0.19988 0.01064 0.97976
36883.813359162 4.05556 -0.20264 18.06550 0.00061 0.20092 0.01050 0.97955
36883.823410696 4.09895 -0.19116 18.16547 0.00073 0.20193 0.01041 0.97934
36883.833463225 4.14042 -0.19790 18.23498 0.00082 0.20268 0.01041 0.97919
36883.843514522 4.17013 -0.20455 18.29299 0.00080 0.20380 0.01025 0.97896
36883.853565852 4.20593 -0.20048 18.37132 0.00088 0.20474 0.01058 0.97876
36883.863621078 4.26238 -0.19895 18.48383 0.00100 0.20578 0.00985 0.97855
36883.873674807 4.27944 -0.19635 18.51011 0.00102 0.20682 0.01027 0.97832
36883.884460214 4.32335 -0.19880 18.59942 0.00134 0.20769 0.01055 0.97814
36883.894559783 4.34944 -0.18675 18.68019 0.00157 0.20883 0.01041 0.97790
36883.904604138 4.37606 -0.20231 18.73163 0.00161 0.21002 0.01080 0.97764
36883.914655190 4.41708 -0.20742 18.81819 0.00106 0.21098 0.01033 0.97744
36883.924771303 4.44553 -0.20309 18.86431 0.00108 0.21191 0.01039 0.97723
36883.934856755 4.49971 -0.20298 18.95381 0.00176 0.21274 0.01133 0.97704
36883.944908271 4.54034 -0.20260 19.04238 0.00177 0.21389 0.01061 0.97680
36883.954960121 4.56757 -0.19716 19.10371 0.00156 0.21502 0.01043 0.97655
36883.965153959 4.60588 -0.20055 19.18167 0.00170 0.21601 0.01118 0.97633
36883.975208243 4.64130 -0.20754 19.23680 0.00141 0.21670 0.01079 0.97618
36883.985261201 4.67291 -0.20233 19.30109 0.00172 0.21767 0.01126 0.97596
36883.995313962 4.70380 -0.20556 19.36454 0.00146 0.21876 0.01156 0.97571
36884.005366601 4.74917 -0.20580 19.46220 0.00152 0.21977 0.01079 0.97549
36884.015419238 4.80289 -0.20243 19.54651 0.00170 0.22082 0.01101 0.97525
36884.025472467 4.83078 -0.20370 19.59840 0.00178 0.22174 0.01100 0.97504
36884.035526091 4.85973 -0.21377 19.67234 0.00174 0.22282 0.01123 0.97479
36884.045578772 4.90695 -0.20957 19.75502 0.00203 0.22390 0.01099 0.97455
36884.055630220 4.94148 -0.20638 19.84694 0.00179 0.22522 0.01075 0.97425
36884.065681535 4.97766 -0.20331 19.89398 0.00215 0.22601 0.01171 0.97405
36884.076250246 5.02446 -0.20891 19.96152 0.00215 0.22678 0.01125 0.97388
36884.086352823 5.05730 -0.20846 20.03114 0.00197 0.22798 0.01114 0.97360
36884.096448450 5.10404 -0.21668 20.12980 0.00195 0.22897 0.01109 0.97337
36884.106489029 5.15099 -0.21259 20.20620 0.00176 0.23003 0.01026 0.97313
36884.116536665 5.18584 -0.20572 20.27787 0.00216 0.23093 0.01047 0.97291
36884.126577002 5.21460 -0.20947 20.32909 0.00187 0.23194 0.01078 0.97267
36884.136620893 5.28155 -0.21526 20.43085 0.00181 0.23293 0.01078 0.97243
36884.146661127 5.30390 -0.21486 20.47636 0.00171 0.23396 0.01021 0.97219
36884.156873815 5.33909 -0.21229 20.55058 0.00156 0.23505 0.01010 0.97193
36884.166879296 5.39886 -0.20660 20.63272 0.00180 0.23584 0.01112 0.97173
36884.176903097 5.43152 -0.21198 20.70530 0.00148 0.23687 0.01071 0.97148
36884.186957336 5.45777 -0.22349 20.75521 0.00116 0.23804 0.01031 0.97120
36884.197009055 5.50605 -0.21483 20.83464 0.00116 0.23911 0.01084 0.97093
36884.207060759 5.54948 -0.21543 20.90931 0.00117 0.24011 0.00970 0.97070
36884.217197316 5.58119 -0.21822 20.97354 0.00089 0.24134 0.01073 0.97038
36884.227248855 5.63426 -0.22213 21.05929 0.00084 0.24217 0.01045 0.97018
36884.237300254 5.67418 -0.21592 21.13607 0.00076 0.24306 0.01027 0.96996
36884.247351760 5.71798 -0.21717 21.20610 0.00055 0.24407 0.01024 0.96970
36884.257403135 5.75322 -0.20549 21.28183 0.00050 0.24511 0.00970 0.96945
36884.267454862 5.80696 -0.21326 21.36351 0.00026 0.24617 0.00949 0.96918
36884.277508113 5.84063 -0.21167 21.43702 0.00007 0.24710 0.00967 0.96894
36884.287560765 5.89514 -0.20971 21.50493 0.00009 0.24806 0.00962 0.96870
36884.297613632 5.93547 -0.21251 21.57345 -0.00008 0.24894 0.01031 0.96846
36884.307666408 5.98426 -0.22414 21.65953 -0.00050 0.25004 0.00941 0.96819
36884.317869500 6.05262 -0.20961 21.74426 -0.00055 0.25081 0.00935 0.96799
36884.327901906 6.10135 -0.20849 21.83327 -0.00069 0.25176 0.00914 0.96775
36884.338386295 6.13038 -0.20619 21.87006 -0.00087 0.25273 0.00980 0.96749
36884.348468168 6.16942 -0.21380 21.94122 -0.00094 0.25393 0.00985 0.96717
36884.358546136 6.21007 -0.21572 22.00812 -0.00111 0.25487 0.00903 0.96693
36884.368650838 6.28914 -0.20311 22.10200 -0.00100 0.25568 0.00933 0.96672
36884.378691443 6.33537 -0.20018 22.20183 -0.00107 0.25663 0.00977 0.96646
36884.388758048 6.37557 -0.20706 22.27895 -0.00129 0.25790 0.00903 0.96613
36884.398894090 6.43052 -0.20098 22.34739 -0.00113 0.25877 0.00947 0.96589
36884.409213068 6.46421 -0.20699 22.40535 -0.00166 0.25995 0.00925 0.96558
36884.419266049 6.51142 -0.21278 22.48993 -0.00152 0.26113 0.00980 0.96525
36884.429319646 6.55430 -0.21493 22.54725 -0.00189 0.26163 0.00881 0.96513
36884.439372974 6.61953 -0.21396 22.63764 -0.00166 0.26290 0.00902 0.96478
36884.449427061 6.67668 -0.21618 22.72194 -0.00173 0.26382 0.00904 0.96453
36884.459479754 6.71141 -0.21801 22.79036 -0.00161 0.26489 0.00866 0.96424
36884.469531961 6.76392 -0.22119 22.86739 -0.00170 0.26581 0.00909 0.96398
36884.479583672 6.80212 -0.22519 22.92532 -0.00169 0.26677 0.00848 0.96372
36884.489635218 6.84305 -0.21228 22.98824 -0.00150 0.26786 0.00827 0.96342
36884.499687787 6.88620 -0.21643 23.06789 -0.00154 0.26910 0.00771 0.96308
36884.509916358 6.94423 -0.21804 23.13414 -0.00174 0.27019 0.00757 0.96278
36884.519969125 7.00970 -0.22931 23.20906 -0.00153 0.27105 0.00791 0.96253
36884.530009831 7.05441 -0.23165 23.28436 -0.00150 0.27178 0.00749 0.96233
36884.540194414 7.10202 -0.23181 23.36396 -0.00124 0.27278 0.00720 0.96205
36884.550247040 7.14545 -0.22394 23.43545 -0.00105 0.27404 0.00802 0.96168
36884.560300137 7.18291 -0.22616 23.53248 -0.00079 0.27550 0.00680 0.96128
36884.570353526 7.24697 -0.21823 23.60879 -0.00026 0.27628 0.00757 0.96105
36884.580407682 7.30174 -0.22513 23.67319 -0.00035 0.27688 0.00715 0.96088
36884.590459335 7.35640 -0.22953 23.72515 -0.00014 0.27792 0.00763 0.96058
36884.600510653 7.40288 -0.24169 23.80608 -0.00026 0.27898 0.00759 0.96027
36884.610562936 7.44379 -0.23040 23.88866 0.00018 0.28035 0.00809 0.95986
36884.620616259 7.50617 -0.21888 23.97198 0.00020 0.28134 0.00671 0.95959
36884.630669948 7.55223 -0.22669 24.03149 0.00046 0.28203 0.00685 0.95938
36884.640829195 7.61086 -0.22908 24.11522 0.00059 0.28331 0.00679 0.95901
36884.650993088 7.68429 -0.22995 24.20949 0.00083 0.28421 0.00725 0.95873
36884.661565455 7.74454 -0.22939 24.26944 0.00094 0.28497 0.00768 0.95850
36884.671618566 7.80360 -0.23148 24.35191 0.00110 0.28589 0.00796 0.95823
36884.681671987 7.85586 -0.24164 24.40407 0.00086 0.28669 0.00665 0.95800
36884.691891784 7.89963 -0.24213 24.46760 0.00117 0.28774 0.00829 0.95767
36884.701946286 7.96591 -0.23768 24.55998 0.00128 0.28847 0.00802 0.95746
36884.711999315 8.01493 -0.23275 24.65410 0.00133 0.28973 0.00757 0.95708
36884.722051998 8.07569 -0.22042 24.74437 0.00147 0.29082 0.00738 0.95675
36884.732103503 8.11392 -0.23574 24.78057 0.00146 0.29165 0.00692 0.95650
36884.742156174 8.16386 -0.24151 24.85631 0.00144 0.29280 0.00705 0.95615
36884.752235951 8.23042 -0.23397 24.93795 0.00156 0.29348 0.00774 0.95593
36884.762364719 8.29465 -0.23258 25.03348 0.00142 0.29453 0.00712 0.95561
36884.772412456 8.35516 -0.23365 25.11160 0.00136 0.29561 0.00664 0.95529
36884.782449380 8.41590 -0.23270 25.17087 0.00135 0.29630 0.00678 0.95507
36884.792462994 8.45895 -0.23024 25.23365 0.00135 0.29721 0.00684 0.95479
36884.802502911 8.51214 -0.22949 25.30836 0.00149 0.29826 0.00739 0.95445
36884.812581315 8.56172 -0.23411 25.39119 0.00127 0.29933 0.00726 0.95412
36884.822618912 8.60591 -0.23040 25.45318 0.00147 0.30044 0.00711 0.95377
36884.832668301 8.67471 -0.23750 25.51178 0.00129 0.30112 0.00698 0.95356
36884.842768775 8.72273 -0.23547 25.60335 0.00131 0.30241 0.00681 0.95315
36884.853281386 8.80546 -0.23667 25.70009 0.00153 0.30319 0.00717 0.95290
36884.863334142 8.84219 -0.24039 25.77765 0.00131 0.30426 0.00677 0.95257
36884.873387297 8.92863 -0.24083 25.85240 0.00143 0.30499 0.00709 0.95233
36884.883439282 8.98050 -0.24693 25.90911 0.00151 0.30569 0.00828 0.95209
36884.893491215 9.03451 -0.24219 25.99242 0.00161 0.30672 0.00737 0.95177
36884.903543137 9.09520 -0.24628 26.06412 0.00146 0.30781 0.00747 0.95142
36884.913594946 9.17299 -0.24070 26.16590 0.00159 0.30838 0.00803 0.95123
36884.923646717 9.21040 -0.23558 26.20460 0.00227 0.30918 0.00868 0.95096
36884.933745755 9.27922 -0.25418 26.28663 0.00174 0.31025 0.00810 0.95062
36884.944202788 9.32594 -0.24452 26.35983 0.00155 0.31119 0.00682 0.95032
36884.954254238 9.37667 -0.23999 26.43820 0.00190 0.31205 0.00697 0.95004
36884.964306406 9.44956 -0.23631 26.54239 0.00221 0.31315 0.00744 0.94967
36884.974358114 9.52238 -0.24257 26.61597 0.00222 0.31388 0.00733 0.94943
36884.984409598 9.57778 -0.23453 26.67872 0.00258 0.31483 0.00809 0.94911
36884.994462264 9.65203 -0.24855 26.75945 0.00243 0.31572 0.00811 0.94882
36885.004515181 9.70932 -0.24727 26.82227 0.00289 0.31670 0.00892 0.94848
36885.014566550 9.76745 -0.25974 26.90873 0.00249 0.31776 0.00806 0.94813
36885.024574457 9.82337 -0.25024 26.96853 0.00303 0.31854 0.00859 0.94787
36885.034627015 9.89102 -0.24838 27.05360 0.00334 0.31945 0.00891 0.94756
36885.044679472 9.95994 -0.23806 27.14594 0.00383 0.32030 0.00935 0.94726
36885.054774794 10.01432 -0.25274 27.20948 0.00360 0.32134 0.00940 0.94691
36885.065127095 10.08966 -0.24630 27.30339 0.00364 0.32210 0.00892 0.94666
36885.075137663 10.14306 -0.25631 27.35359 0.00362 0.32299 0.00863 0.94636
36885.085189243 10.19524 -0.25310 27.39366 0.00382 0.32363 0.00935 0.94613
36885.095241701 10.27043 -0.25296 27.50934 0.00417 0.32448 0.00953 0.94584
36885.105443259 10.34095 -0.24533 27.60414 0.00432 0.32569 0.00975 0.94541
36885.115496150 10.38243 -0.25237 27.66239 0.00455 0.32646 0.00986 0.94515
36885.125548976 10.44258 -0.26169 27.71236 0.00432 0.32722 0.00933 0.94489
36885.135602134 10.50790 -0.25737 27.81075 0.00430 0.32838 0.00887 0.94449
36885.145654933 10.58290 -0.25896 27.89541 0.00455 0.32904 0.00902 0.94426
36885.155774020 10.66391 -0.25792 27.98094 0.00501 0.32975 0.00958 0.94400
36885.165840637 10.73638 -0.26196 28.05407 0.00482 0.33057 0.00959 0.94372
36885.175882948 10.78648 -0.25608 28.11125 0.00508 0.33119 0.00959 0.94350
36885.186272759 10.84112 -0.26315 28.18311 0.00504 0.33206 0.00971 0.94319
36885.196325439 10.90971 -0.27401 28.24839 0.00505 0.33286 0.01010 0.94291
36885.206378113 10.97088 -0.27525 28.31653 0.00508 0.33352 0.01000 0.94268
36885.216430906 11.04405 -0.28090 28.39958 0.00526 0.33436 0.01027 0.94238
36885.226483399 11.08778 -0.27520 28.45311 0.00547 0.33506 0.01053 0.94212
36885.236534920 11.16395 -0.26986 28.54435 0.00551 0.33581 0.01051 0.94185
36885.246586429 11.23097 -0.26686 28.62524 0.00559 0.33669 0.01067 0.94154
36885.256639270 11.30772 -0.26516 28.71140 0.00564 0.33750 0.01051 0.94125
36885.266690603 11.35857 -0.26214 28.79358 0.00553 0.33850 0.01032 0.94089
36885.276780870 11.40932 -0.26345 28.87585 0.00576 0.33928 0.01052 0.94061
36885.287190810 11.49161 -0.27300 28.96341 0.00512 0.33977 0.01086 0.94043
36885.297242293 11.55193 -0.27253 29.01389 0.00568 0.34054 0.01172 0.94014
36885.307293917 11.62228 -0.27859 29.08303 0.00531 0.34132 0.01149 0.93986
36885.317345870 11.69037 -0.28424 29.16131 0.00532 0.34184 0.01184 0.93967
36885.327397478 11.74070 -0.26984 29.22209 0.00543 0.34237 0.01219 0.93947
36885.337449098 11.80129 -0.27365 29.29496 0.00526 0.34329 0.01201 0.93914
36885.347501876 11.87988 -0.27969 29.37116 0.00513 0.34389 0.01198 0.93892
36885.357553732 11.94539 -0.28287 29.43501 0.00489 0.34465 0.01152 0.93865
36885.367605399 12.01260 -0.28428 29.49425 0.00473 0.34502 0.01220 0.93851
36885.377657998 12.07429 -0.29479 29.56431 0.00432 0.34561 0.01215 0.93829
36885.387785049 12.14389 -0.29127 29.67101 0.00437 0.34656 0.01257 0.93793
36885.397788375 12.22689 -0.29277 29.77133 0.00406 0.34708 0.01329 0.93773
36885.407875393 12.29585 -0.27874 29.83377 0.00395 0.34785 0.01199 0.93747
36885.417892358 12.34491 -0.28834 29.88997 0.00391 0.34857 0.01227 0.93719
36885.427895348 12.40017 -0.28024 29.94813 0.00419 0.34914 0.01317 0.93697
36885.438288145 12.47229 -0.27980 30.03344 0.00389 0.34973 0.01309 0.93675
36885.448356474 12.55291 -0.28280 30.11902 0.00351 0.35030 0.01312 0.93654
36885.458421874 12.61190 -0.28565 30.17392 0.00317 0.35083 0.01338 0.93634
36885.468470932 12.68528 -0.28166 30.27629 0.00356 0.35144 0.01336 0.93611
36885.478513567 12.73872 -0.29273 30.32700 0.00298 0.35214 0.01372 0.93584
36885.488541168 12.81947 -0.29427 30.40708 0.00294 0.35275 0.01325 0.93562
36885.498602319 12.87773 -0.29438 30.48812 0.00263 0.35335 0.01357 0.93539
36885.508649795 12.94542 -0.28269 30.55334 0.00270 0.35403 0.01422 0.93512
36885.518675301 13.03039 -0.29294 30.64692 0.00239 0.35439 0.01334 0.93500
36885.529112891 13.09043 -0.29835 30.70385 0.00249 0.35510 0.01391 0.93472
36885.539164845 13.14661 -0.30355 30.76965 0.00204 0.35567 0.01374 0.93451
36885.549216772 13.22950 -0.29087 30.86027 0.00239 0.35594 0.01427 0.93440
36885.559268329 13.29172 -0.29589 30.92822 0.00218 0.35643 0.01377 0.93422
36885.569321877 13.38038 -0.29519 31.02584 0.00190 0.35694 0.01373 0.93402
36885.579374072 13.43233 -0.28949 31.08070 0.00193 0.35767 0.01427 0.93374
36885.589426106 13.50327 -0.30600 31.15180 0.00166 0.35791 0.01432 0.93364
36885.599477656 13.57096 -0.30342 31.20904 0.00179 0.35821 0.01473 0.93352
36885.609529473 13.64311 -0.29782 31.27915 0.00151 0.35872 0.01447 0.93333
36885.619582339 13.72515 -0.29503 31.36544 0.00202 0.35924 0.01465 0.93313
36885.629636039 13.78963 -0.28657 31.45756 0.00174 0.35987 0.01456 0.93289
36885.639687402 13.84199 -0.29344 31.50973 0.00181 0.36035 0.01471 0.93270
36885.650058287 13.91532 -0.29239 31.59870 0.00138 0.36099 0.01445 0.93246
36885.660110070 13.97808 -0.28762 31.67708 0.00138 0.36141 0.01432 0.93230
36885.670163821 14.04964 -0.29436 31.75368 0.00123 0.36185 0.01417 0.93213
36885.680366318 14.12648 -0.29073 31.82660 0.00127 0.36213 0.01487 0.93201
36885.690472168 14.19905 -0.29405 31.89526 0.00137 0.36241 0.01486 0.93190
36885.700495186 14.27181 -0.29184 31.97037 0.00109 0.36272 0.01537 0.93177
36885.710547948 14.34039 -0.29635 32.03660 0.00092 0.36327 0.01481 0.93157
36885.720598169 14.42145 -0.28983 32.12426 0.00109 0.36355 0.01486 0.93145
36885.730633618 14.48176 -0.29204 32.19473 0.00142 0.36405 0.01486 0.93126
36885.740691327 14.54906 -0.29273 32.25496 0.00095 0.36434 0.01502 0.93115
36885.750773607 14.66360 -0.29070 32.37220 0.00132 0.36480 0.01513 0.93096
36885.760892758 14.71780 -0.30432 32.43480 0.00092 0.36519 0.01416 0.93083
36885.770893091 14.77812 -0.30319 32.49403 0.00090 0.36561 0.01499 0.93065
36885.780914699 14.82506 -0.30091 32.55330 0.00107 0.36608 0.01504 0.93046
36885.790942060 14.90281 -0.28963 32.64200 0.00114 0.36659 0.01423 0.93027
36885.800994817 14.98701 -0.28581 32.72663 0.00132 0.36676 0.01425 0.93021
36885.811047364 15.04730 -0.28653 32.79141 0.00173 0.36705 0.01477 0.93008
36885.821099914 15.13492 -0.28631 32.87963 0.00154 0.36728 0.01403 0.93000
36885.831151453 15.20002 -0.29032 32.92858 0.00148 0.36757 0.01491 0.92987
36885.841202735 15.26961 -0.28788 33.00800 0.00194 0.36792 0.01455 0.92974
36885.851256446 15.32558 -0.29495 33.05996 0.00162 0.36820 0.01454 0.92963
36885.861307798 15.40951 -0.29304 33.16245 0.00160 0.36854 0.01447 0.92950
36885.871360325 15.47473 -0.29183 33.23353 0.00182 0.36897 0.01446 0.92933
36885.881581775 15.54003 -0.29121 33.30549 0.00187 0.36946 0.01427 0.92913
36885.891634847 15.62011 -0.29090 33.36591 0.00215 0.36940 0.01410 0.92916
36885.901687854 15.70599 -0.28637 33.45433 0.00242 0.36956 0.01427 0.92910
36885.912216886 15.77769 -0.28342 33.52486 0.00216 0.37010 0.01440 0.92888
36885.922270425 15.83572 -0.29826 33.60541 0.00206 0.37047 0.01457 0.92873
36885.932321861 15.92268 -0.29562 33.68619 0.00222 0.37067 0.01464 0.92865
36885.942374605 15.97650 -0.29622 33.74569 0.00211 0.37086 0.01402 0.92858
36885.952427533 16.04833 -0.29751 33.81928 0.00239 0.37099 0.01421 0.92852
36885.962480281 16.12381 -0.29742 33.90188 0.00239 0.37161 0.01433 0.92827
36885.972534266 16.20038 -0.29461 33.99555 0.00280 0.37198 0.01352 0.92814
36885.982585749 16.27560 -0.28980 34.05739 0.00266 0.37205 0.01425 0.92810
36885.992637632 16.33814 -0.29670 34.11609 0.00275 0.37226 0.01509 0.92800
36886.002689789 16.40328 -0.29888 34.18966 0.00317 0.37252 0.01523 0.92789
36886.013234748 16.49975 -0.30078 34.29266 0.00268 0.37276 0.01449 0.92781
36886.023287559 16.55430 -0.30511 34.34587 0.00260 0.37300 0.01468 0.92771
36886.033340058 16.62251 -0.30625 34.42060 0.00265 0.37333 0.01508 0.92757
36886.043391610 16.71061 -0.30494 34.50553 0.00250 0.37335 0.01523 0.92756
36886.053443082 16.78101 -0.30897 34.58129 0.00306 0.37372 0.01534 0.92741
36886.063494874 16.83601 -0.31247 34.63667 0.00304 0.37379 0.01477 0.92739
36886.073547461 16.90265 -0.30052 34.71445 0.00304 0.37409 0.01536 0.92726
36886.083599056 16.98376 -0.31198 34.79435 0.00285 0.37415 0.01539 0.92724
36886.093650686 17.07504 -0.31062 34.87087 0.00263 0.37403 0.01487 0.92729
36886.103744834 17.14169 -0.30421 34.94012 0.00330 0.37457 0.01584 0.92706
36886.113889422 17.21320 -0.30547 35.01093 0.00332 0.37465 0.01651 0.92701
36886.123940948 17.27860 -0.30488 35.08224 0.00347 0.37458 0.01631 0.92704
36886.134789875 17.36582 -0.30820 35.16259 0.00337 0.37465 0.01623 0.92702
36886.144876784 17.45229 -0.30791 35.25347 0.00376 0.37499 0.01649 0.92688
36886.155121926 17.51242 -0.31117 35.31156 0.00364 0.37514 0.01649 0.92681
36886.165173401 17.58760 -0.31403 35.40210 0.00358 0.37538 0.01638 0.92672
36886.175226565 17.64614 -0.31018 35.46022 0.00398 0.37575 0.01695 0.92656
36886.185278052 17.73164 -0.30989 35.54783 0.00372 0.37586 0.01650 0.92652
36886.195329455 17.79473 -0.31346 35.60419 0.00407 0.37604 0.01764 0.92643
36886.205382686 17.86699 -0.31445 35.68279 0.00394 0.37637 0.01698 0.92631
36886.215435443 17.95669 -0.31051 35.76326 0.00426 0.37644 0.01709 0.92627
36886.225487166 18.02038 -0.31476 35.83369 0.00474 0.37648 0.01765 0.92624
36886.235538965 18.10836 -0.30573 35.91946 0.00469 0.37668 0.01796 0.92616
36886.245591220 18.19445 -0.30909 36.00113 0.00487 0.37709 0.01789 0.92599
36886.255644784 18.26341 -0.31066 36.06659 0.00515 0.37681 0.01850 0.92609
36886.265777157 18.34107 -0.30973 36.13221 0.00549 0.37723 0.01852 0.92592
36886.275867507 18.41144 -0.31772 36.21335 0.00561 0.37719 0.01856 0.92593
36886.285870438 18.48434 -0.31871 36.29143 0.00555 0.37763 0.01843 0.92576
36886.296376769 18.55998 -0.31748 36.37210 0.00602 0.37788 0.01924 0.92564
36886.306428389 18.60997 -0.31735 36.41855 0.00595 0.37815 0.01808 0.92555
36886.316481244 18.70785 -0.32018 36.51075 0.00624 0.37807 0.01888 0.92556
36886.326532639 18.76742 -0.32736 36.57186 0.00635 0.37850 0.01923 0.92538
36886.336584327 18.85362 -0.33033 36.66221 0.00653 0.37872 0.01938 0.92529
36886.346635696 18.92013 -0.32723 36.71984 0.00684 0.37901 0.01903 0.92517
36886.356688299 18.99647 -0.33665 36.80850 0.00683 0.37927 0.01923 0.92506
36886.366874902 19.10065 -0.33851 36.90979 0.00698 0.37958 0.01951 0.92493
36886.376926373 19.14545 -0.33421 36.94965 0.00698 0.37968 0.01897 0.92490
36886.386977969 19.23188 -0.33286 37.03644 0.00745 0.37982 0.01909 0.92483
36886.397031861 19.30883 -0.32965 37.10204 0.00740 0.38015 0.01929 0.92469
36886.407195602 19.38725 -0.32998 37.18041 0.00763 0.38028 0.01914 0.92464
36886.417272819 19.45755 -0.33551 37.25494 0.00770 0.38078 0.01889 0.92444
36886.427325918 19.51857 -0.34298 37.32129 0.00782 0.38093 0.01896 0.92438
36886.437378615 19.59704 -0.33827 37.40420 0.00774 0.38146 0.01903 0.92416
36886.447430209 19.67935 -0.34194 37.47867 0.00823 0.38151 0.01914 0.92413
36886.457482627 19.75698 -0.35162 37.54571 0.00812 0.38176 0.01944 0.92402
36886.467537600 19.81495 -0.34005 37.62611 0.00812 0.38228 0.01888 0.92382
36886.477589124 19.90479 -0.34746 37.69532 0.00841 0.38216 0.01914 0.92386
36886.487640865 19.98458 -0.34532 37.76631 0.00843 0.38239 0.01961 0.92375
36886.497692485 20.06947 -0.34684 37.85734 0.00872 0.38264 0.01942 0.92365
36886.507779487 20.15104 -0.34899 37.92552 0.00892 0.38289 0.01946 0.92355
36886.517903856 20.22529 -0.34550 37.99558 0.00905 0.38299 0.02014 0.92349
36886.528199401 20.29694 -0.34626 38.06686 0.00934 0.38322 0.01993 0.92339
36886.538250778 20.37311 -0.34247 38.13976 0.00933 0.38357 0.02016 0.92324
36886.548302098 20.45714 -0.35063 38.20802 0.00958 0.38343 0.02054 0.92329
36886.558353611 20.52555 -0.35431 38.27979 0.00936 0.38385 0.02078 0.92312
36886.568405301 20.60559 -0.35178 38.37772 0.00912 0.38439 0.02013 0.92291
36886.578457084 20.68483 -0.35513 38.44001 0.00942 0.38450 0.02035 0.92285
36886.588508651 20.76773 -0.35540 38.51257 0.00921 0.38452 0.02097 0.92283
36886.598561117 20.84235 -0.35778 38.59260 0.00932 0.38479 0.02120 0.92272
36886.608614070 20.91586 -0.36297 38.66029 0.00943 0.38501 0.02172 0.92261
36886.618667798 21.00269 -0.35937 38.75874 0.00929 0.38538 0.02140 0.92247
36886.628786080 21.08435 -0.35795 38.83074 0.00926 0.38556 0.02105 0.92239
36886.638856445 21.14146 -0.35756 38.88795 0.00941 0.38591 0.02095 0.92225
36886.648874576 21.25222 -0.35448 38.98030 0.00924 0.38623 0.02093 0.92212
36886.658916461 21.29518 -0.35118 39.03981 0.00959 0.38645 0.02085 0.92202
36886.668968254 21.30828 -0.35096 39.04251 0.00911 0.38617 0.02049 0.92216
36886.679021316 21.29265 -0.35668 39.01122 0.00934 0.38618 0.02088 0.92214
36886.689073936 21.30627 -0.35475 39.04238 0.00954 0.38602 0.02141 0.92219
36886.699096960 21.36126 -0.36095 39.10776 0.00978 0.38648 0.02367 0.92194
36886.709149780 21.45340 -0.37273 39.19328 0.00955 0.38710 0.02374 0.92168
36886.719202588 21.57473 -0.39042 39.30582 0.00901 0.38783 0.02295 0.92140
36886.729255240 21.72986 -0.39557 39.47538 0.00892 0.38827 0.02325 0.92121
36886.739308298 21.87637 -0.38563 39.61391 0.00915 0.38909 0.02250 0.92088
36886.749359584 21.98620 -0.38819 39.71905 0.00887 0.38924 0.02170 0.92084
36886.759411461 22.07253 -0.37578 39.79776 0.00919 0.38950 0.02258 0.92070
36886.769463213 22.17146 -0.38388 39.87310 0.00898 0.38975 0.02181 0.92062
36886.779517188 22.20978 -0.38132 39.92303 0.00960 0.38973 0.02261 0.92060
36886.789568627 22.28101 -0.38451 39.98298 0.00929 0.38970 0.02307 0.92061
36886.799619980 22.38103 -0.38510 40.07031 0.00973 0.39004 0.02322 0.92045
36886.809672689 22.45919 -0.39407 40.15222 0.00960 0.39029 0.02330 0.92035
36886.819762283 22.50600 -0.38729 40.20622 0.00972 0.39066 0.02339 0.92019
36886.829786789 22.56714 -0.39027 40.27572 0.00944 0.39122 0.02323 0.91996
36886.839847379 22.65212 -0.39390 40.34040 0.00949 0.39127 0.02346 0.91993
36886.849872477 22.74529 -0.38696 40.44414 0.00936 0.39154 0.02334 0.91982
36886.859925056 22.80041 -0.39575 40.48840 0.00908 0.39204 0.02311 0.91961
36886.869976618 22.87292 -0.39610 40.57145 0.00904 0.39232 0.02317 0.91949
36886.880027979 22.94139 -0.38758 40.62704 0.00971 0.39260 0.02402 0.91935
36886.890079356 23.02367 -0.39117 40.71728 0.00950 0.39278 0.02356 0.91928
36886.900132193 23.10781 -0.39797 40.78458 0.00947 0.39324 0.02394 0.91907
36886.910186550 23.18278 -0.40293 40.85614 0.00925 0.39332 0.02416 0.91904
36886.920239218 23.28324 -0.40042 40.94622 0.00940 0.39372 0.02361 0.91888
36886.930291755 23.36481 -0.39551 41.02178 0.00928 0.39387 0.02409 0.91880
36886.940344572 23.44361 -0.40038 41.09953 0.00943 0.39428 0.02511 0.91860
36886.950397440 23.50508 -0.39665 41.15118 0.00945 0.39453 0.02513 0.91849
36886.960450069 23.57238 -0.40336 41.22234 0.00902 0.39491 0.02451 0.91835
36886.970503836 23.64762 -0.39466 41.29810 0.00917 0.39531 0.02545 0.91815
36886.980555866 23.74131 -0.40347 41.37037 0.00899 0.39535 0.02476 0.91815
36886.990608429 23.83151 -0.40302 41.45142 0.00918 0.39540 0.02566 0.91810
36887.000660108 23.87947 -0.40551 41.50197 0.00878 0.39598 0.02500 0.91788
36887.010773913 23.97064 -0.41110 41.59859 0.00852 0.39614 0.02536 0.91780
36887.021226363 24.07483 -0.41723 41.67555 0.00803 0.39635 0.02509 0.91772
36887.031279238 24.15543 -0.40841 41.74001 0.00842 0.39655 0.02526 0.91763
36887.041332259 24.23754 -0.40736 41.82249 0.00824 0.39699 0.02474 0.91745
36887.051385048 24.38059 -0.41049 41.93997 0.00826 0.39709 0.02536 0.91739
36887.061437856 24.44433 -0.41117 42.00462 0.00827 0.39744 0.02504 0.91725
36887.071538571 24.51111 -0.40904 42.07366 0.00798 0.39765 0.02524 0.91715
36887.081627013 24.58840 -0.41098 42.13912 0.00831 0.39805 0.02585 0.91696
36887.091673069 24.66101 -0.41407 42.20875 0.00806 0.39842 0.02567 0.91681
36887.101852510 24.72996 -0.40940 42.28443 0.00811 0.39870 0.02538 0.91669
36887.111868764 24.83314 -0.41648 42.37101 0.00829 0.39897 0.02617 0.91655
36887.121920570 24.91279 -0.41696 42.42947 0.00799 0.39912 0.02611 0.91649
36887.131974569 24.98102 -0.43317 42.49020 0.00788 0.39935 0.02615 0.91639
36887.142026037 25.08107 -0.41376 42.58204 0.00790 0.39959 0.02663 0.91627
36887.152077741 25.15523 -0.40829 42.65463 0.00806 0.39973 0.02668 0.91621
36887.162261974 25.22595 -0.41798 42.71545 0.00755 0.40015 0.02664 0.91603
36887.172314724 25.30915 -0.42176 42.79849 0.00747 0.40047 0.02715 0.91588
36887.182367640 25.38708 -0.42423 42.86090 0.00744 0.40072 0.02740 0.91576
36887.192420200 25.46446 -0.42616 42.94152 0.00704 0.40100 0.02685 0.91566
36887.202472741 25.55206 -0.42436 43.02865 0.00735 0.40109 0.02738 0.91560
36887.212526371 25.64321 -0.41427 43.09280 0.00715 0.40148 0.02742 0.91543
36887.222579544 25.72098 -0.41677 43.18472 0.00687 0.40179 0.02722 0.91530
36887.232632122 25.77525 -0.41869 43.22968 0.00702 0.40209 0.02813 0.91514
36887.242683531 25.87446 -0.41585 43.32107 0.00675 0.40230 0.02784 0.91506
36887.252842392 25.95461 -0.42003 43.38808 0.00659 0.40273 0.02801 0.91487
36887.262889916 26.06225 -0.42697 43.48385 0.00649 0.40283 0.02840 0.91481
36887.272942855 26.11651 -0.41884 43.53775 0.00638 0.40316 0.02821 0.91467
36887.282994698 26.17977 -0.42263 43.59286 0.00619 0.40342 0.02905 0.91453
36887.293147053 26.26905 -0.42204 43.67874 0.00580 0.40372 0.02835 0.91443
36887.303198757 26.34627 -0.42285 43.73950 0.00554 0.40385 0.02875 0.91436
36887.313250822 26.44531 -0.41952 43.83236 0.00564 0.40404 0.02921 0.91426
36887.323303823 26.54082 -0.42326 43.90606 0.00581 0.40426 0.02941 0.91415
36887.333356692 26.63671 -0.42878 43.97855 0.00530 0.40435 0.03034 0.91409
36887.343409604 26.70265 -0.43089 44.04667 0.00489 0.40464 0.02973 0.91398
36887.353462720 26.76955 -0.42704 44.11672 0.00502 0.40501 0.03011 0.91380
36887.363514543 26.83692 -0.41138 44.18723 0.00517 0.40545 0.03024 0.91360
36887.373565981 26.93031 -0.42190 44.26349 0.00516 0.40571 0.03012 0.91349
36887.383618136 27.01349 -0.41595 44.34739 0.00471 0.40611 0.02954 0.91333
36887.393669565 27.10265 -0.42164 44.42430 0.00447 0.40624 0.02972 0.91327
36887.403858490 27.18805 -0.42326 44.49502 0.00461 0.40618 0.03066 0.91327
36887.413882839 27.26864 -0.42109 44.56840 0.00450 0.40648 0.03023 0.91315
36887.423935518 27.35555 -0.42291 44.64423 0.00448 0.40689 0.02990 0.91298
36887.434120998 27.42552 -0.42958 44.69864 0.00439 0.40695 0.03037 0.91294
36887.444172294 27.51751 -0.42078 44.77707 0.00414 0.40719 0.03026 0.91283
36887.454256232 27.61852 -0.42804 44.87132 0.00446 0.40762 0.03070 0.91262
36887.464335928 27.68202 -0.43189 44.93010 0.00396 0.40816 0.03017 0.91240
36887.474394436 27.75848 -0.43154 44.98928 0.00391 0.40794 0.03096 0.91248
36887.484448333 27.84964 -0.42408 45.07607 0.00436 0.40831 0.03138 0.91229
36887.494483372 27.93302 -0.42781 45.14474 0.00407 0.40848 0.03133 0.91222
36887.504530855 28.00465 -0.42641 45.22487 0.00416 0.40899 0.03142 0.91199
36887.514576737 28.10426 -0.41983 45.29856 0.00436 0.40898 0.03158 0.91199
36887.524647051 28.17220 -0.42975 45.36117 0.00427 0.40894 0.03165 0.91200
36887.534668484 28.25601 -0.44115 45.42371 0.00373 0.40930 0.03154 0.91185
36887.544790486 28.35598 -0.42896 45.51910 0.00409 0.40949 0.03145 0.91176
36887.555333561 28.45278 -0.42883 45.59610 0.00411 0.40982 0.03163 0.91161
36887.565342620 28.51475 -0.44674 45.67130 0.00405 0.41008 0.03186 0.91149
36887.575395514 28.58824 -0.43050 45.73463 0.00430 0.41014 0.03205 0.91145
36887.585448958 28.67117 -0.43354 45.80845 0.00429 0.41052 0.03219 0.91128
36887.595500646 28.76490 -0.43933 45.89229 0.00407 0.41064 0.03190 0.91123
36887.605553206 28.84081 -0.43331 45.94314 0.00424 0.41080 0.03238 0.91114
36887.615605901 28.95053 -0.43440 46.04024 0.00429 0.41086 0.03254 0.91111
36887.625658894 29.01411 -0.42720 46.09000 0.00475 0.41093 0.03258 0.91107
36887.635754321 29.10075 -0.43193 46.18530 0.00463 0.41138 0.03266 0.91087
36887.645785274 29.18673 -0.41867 46.26415 0.00453 0.41152 0.03189 0.91083
36887.655848532 29.28811 -0.42384 46.35570 0.00472 0.41177 0.03283 0.91069
36887.665853088 29.38472 -0.42919 46.41966 0.00481 0.41185 0.03278 0.91065
36887.676474177 29.43652 -0.41695 46.47640 0.00489 0.41189 0.03302 0.91062
36887.686526891 29.53386 -0.42206 46.55630 0.00492 0.41216 0.03328 0.91049
36887.696579623 29.63523 -0.43192 46.64968 0.00527 0.41237 0.03345 0.91039
36887.706631295 29.69580 -0.43206 46.69933 0.00531 0.41242 0.03400 0.91034
36887.716682813 29.78525 -0.42917 46.78043 0.00536 0.41249 0.03387 0.91032
36887.726788656 29.85740 -0.43632 46.83972 0.00509 0.41264 0.03389 0.91025
36887.737050273 29.96263 -0.42284 46.92032 0.00578 0.41264 0.03427 0.91023
36887.747098127 30.03646 -0.41150 46.98431 0.00571 0.41287 0.03445 0.91012
36887.757150796 30.12212 -0.42440 47.06889 0.00553 0.41349 0.03373 0.90987
36887.767202463 30.21209 -0.42521 47.14389 0.00550 0.41339 0.03446 0.90989
36887.777254086 30.27341 -0.42368 47.20366 0.00552 0.41356 0.03453 0.90981
36887.787306715 30.36690 -0.42431 47.28867 0.00512 0.41365 0.03440 0.90977
36887.797358171 30.45576 -0.43396 47.35833 0.00526 0.41379 0.03449 0.90970
36887.807409870 30.54962 -0.42776 47.43070 0.00513 0.41371 0.03489 0.90972
36887.817462625 30.63724 -0.43797 47.49940 0.00458 0.41407 0.03441 0.90958
36887.827515131 30.68727 -0.43425 47.56482 0.00524 0.41435 0.03547 0.90941
36887.837566741 30.76883 -0.41624 47.64130 0.00477 0.41447 0.03444 0.90940
36887.847618176 30.84420 -0.42314 47.71095 0.00506 0.41472 0.03485 0.90927
36887.857669766 30.93958 -0.42439 47.78097 0.00478 0.41490 0.03473 0.90919
36887.867905243 31.06003 -0.41579 47.88471 0.00488 0.41489 0.03453 0.90920
36887.877957107 31.13436 -0.41087 47.94919 0.00503 0.41485 0.03572 0.90917
36887.888008595 31.21860 -0.41635 48.01884 0.00495 0.41504 0.03556 0.90909
36887.898060021 31.29640 -0.41515 48.08932 0.00483 0.41529 0.03549 0.90898
36887.908112968 31.40022 -0.42119 48.17505 0.00441 0.41535 0.03541 0.90896
36887.918155190 31.47478 -0.42463 48.24344 0.00405 0.41545 0.03561 0.90891
36887.928206556 31.56277 -0.42560 48.33262 0.00409 0.41561 0.03510 0.90886
36887.938259824 31.62293 -0.41270 48.39006 0.00409 0.41563 0.03538 0.90884
36887.948313277 31.71074 -0.40281 48.44729 0.00402 0.41549 0.03571 0.90889
36887.958364854 31.82375 -0.40585 48.54356 0.00377 0.41562 0.03548 0.90884
36887.968419009 31.90641 -0.41072 48.61261 0.00406 0.41585 0.03584 0.90872
36887.978471674 31.96575 -0.41684 48.68255 0.00369 0.41586 0.03581 0.90872
36887.988525473 32.03015 -0.42005 48.73830 0.00342 0.41599 0.03551 0.90867
36887.998578213 32.14073 -0.41610 48.82802 0.00388 0.41611 0.03640 0.90858
36888.008631357 32.21636 -0.40283 48.88548 0.00393 0.41603 0.03580 0.90864
36888.018683290 32.30787 -0.42755 48.98521 0.00376 0.41621 0.03599 0.90855
36888.028782105 32.39458 -0.42794 49.05640 0.00384 0.41631 0.03673 0.90847
36888.039155392 32.48490 -0.41994 49.12957 0.00366 0.41622 0.03641 0.90853
36888.049182958 32.56600 -0.40842 49.18574 0.00357 0.41632 0.03592 0.90850
36888.059234473 32.64819 -0.40599 49.28142 0.00339 0.41646 0.03523 0.90846
36888.069286225 32.72825 -0.40611 49.34868 0.00366 0.41650 0.03561 0.90843
36888.079337837 32.80376 -0.40047 49.41386 0.00381 0.41659 0.03513 0.90841
36888.089389488 32.88335 -0.41065 49.48896 0.00406 0.41674 0.03614 0.90830
36888.099440829 32.96127 -0.41804 49.54954 0.00358 0.41680 0.03575 0.90829
36888.109493852 33.04881 -0.42328 49.64039 0.00323 0.41701 0.03527 0.90821
36888.119546462 33.15705 -0.41021 49.71064 0.00369 0.41681 0.03568 0.90829
36888.129599205 33.25532 -0.41299 49.79886 0.00367 0.41707 0.03538 0.90818
36888.139650486 33.31314 -0.41200 49.85264 0.00373 0.41676 0.03617 0.90829
36888.149733685 33.41736 -0.40242 49.93045 0.00364 0.41676 0.03602 0.90829
36888.160077606 33.50518 -0.40069 50.00871 0.00363 0.41692 0.03528 0.90825
36888.170129429 33.59188 -0.40674 50.07804 0.00400 0.41689 0.03630 0.90822
36888.180180927 33.67328 -0.40199 50.15647 0.00430 0.41705 0.03660 0.90814
36888.190232662 33.74919 -0.41013 50.22052 0.00376 0.41704 0.03567 0.90818
36888.200422131 33.83998 -0.40802 50.30597 0.00322 0.41730 0.03512 0.90809
36888.210477989 33.92322 -0.39904 50.37958 0.00349 0.41730 0.03520 0.90808
36888.220529789 34.01097 -0.39852 50.47077 0.00341 0.41741 0.03456 0.90805
36888.230583912 34.09666 -0.40188 50.54125 0.00341 0.41753 0.03502 0.90798
36888.240638845 34.18883 -0.39927 50.61245 0.00355 0.41750 0.03584 0.90796
36888.250691595 34.26577 -0.39290 50.68203 0.00328 0.41774 0.03526 0.90788
36888.260856204 34.34285 -0.39203 50.74271 0.00374 0.41773 0.03527 0.90788
36888.270867579 34.44536 -0.39836 50.81986 0.00351 0.41747 0.03589 0.90797
36888.281161629 34.55010 -0.38847 50.90069 0.00347 0.41747 0.03574 0.90798
36888.291213186 34.62453 -0.38994 50.96520 0.00309 0.41740 0.03522 0.90803
36888.301264568 34.69273 -0.40413 51.03225 0.00303 0.41773 0.03583 0.90786
36888.311317057 34.78102 -0.40632 51.12149 0.00336 0.41778 0.03623 0.90782
36888.321368423 34.86273 -0.40634 51.19266 0.00336 0.41781 0.03650 0.90780
36888.331372426 34.95774 -0.39830 51.26968 0.00285 0.41794 0.03556 0.90777
36888.341426693 35.03449 -0.38114 51.34381 0.00344 0.41804 0.03520 0.90774
36888.351477101 35.13915 -0.38878 51.42675 0.00326 0.41811 0.03579 0.90769
36888.361493832 35.23192 -0.38213 51.50605 0.00301 0.41815 0.03523 0.90769
36888.371550998 35.31914 -0.38775 51.56416 0.00347 0.41812 0.03586 0.90768
36888.381618738 35.39050 -0.40043 51.62528 0.00345 0.41808 0.03622 0.90768
36888.391656739 35.48002 -0.39380 51.71655 0.00313 0.41803 0.03575 0.90772
36888.401772193 35.57825 -0.38743 51.79414 0.00326 0.41821 0.03580 0.90764
36888.411894433 35.65476 -0.38853 51.86332 0.00301 0.41824 0.03529 0.90765
36888.421899289 35.74875 -0.38879 51.93737 0.00330 0.41832 0.03586 0.90758
36888.431950963 35.83314 -0.39083 52.00236 0.00366 0.41804 0.03586 0.90771
36888.442002589 35.90893 -0.39346 52.08228 0.00341 0.41836 0.03569 0.90757
36888.452055386 36.00146 -0.39475 52.14768 0.00309 0.41841 0.03571 0.90755
36888.462108519 36.09696 -0.37850 52.24434 0.00344 0.41833 0.03505 0.90761
36888.472161101 36.17742 -0.38791 52.30584 0.00367 0.41861 0.03535 0.90747
36888.482212393 36.26152 -0.37465 52.37572 0.00403 0.41839 0.03565 0.90756
36888.492263860 36.33014 -0.38239 52.43815 0.00370 0.41842 0.03506 0.90757
36888.502315205 36.44824 -0.38721 52.54319 0.00370 0.41859 0.03517 0.90748
36888.512366483 36.50339 -0.39202 52.59211 0.00371 0.41856 0.03554 0.90749
36888.522420363 36.59861 -0.38568 52.67893 0.00320 0.41868 0.03454 0.90747
36888.532473739 36.66466 -0.39765 52.73628 0.00368 0.41895 0.03530 0.90732
36888.542525586 36.76725 -0.37934 52.81807 0.00386 0.41892 0.03479 0.90735
36888.552578210 36.86727 -0.36998 52.89901 0.00402 0.41882 0.03513 0.90738
36888.562630227 36.96256 -0.37833 52.98503 0.00418 0.41879 0.03549 0.90738
36888.572682824 37.04535 -0.36326 53.05735 0.00409 0.41873 0.03458 0.90744
36888.582772171 37.11550 -0.36642 53.11491 0.00420 0.41902 0.03470 0.90730
36888.592877313 37.22655 -0.37697 53.20340 0.00426 0.41904 0.03500 0.90728
36888.602929917 37.29967 -0.36627 53.26444 0.00451 0.41889 0.03559 0.90733
36888.613220122 37.37205 -0.38168 53.33878 0.00412 0.41931 0.03594 0.90712
36888.623272959 37.46731 -0.39695 53.40521 0.00359 0.41906 0.03546 0.90726
36888.633325992 37.54977 -0.38409 53.47683 0.00378 0.41916 0.03601 0.90719
36888.643378827 37.62631 -0.36946 53.55223 0.00411 0.41932 0.03523 0.90715
36888.653433436 37.69595 -0.37514 53.61526 0.00346 0.41953 0.03488 0.90707
36888.663486353 37.82748 -0.37551 53.72001 0.00324 0.41945 0.03489 0.90710
36888.673539411 37.90438 -0.36830 53.77969 0.00335 0.41942 0.03467 0.90712
36888.683592215 37.98802 -0.35882 53.84578 0.00349 0.41927 0.03495 0.90718
36888.693645015 38.06060 -0.36319 53.91875 0.00329 0.41922 0.03438 0.90723
36888.703774931 38.17657 -0.37010 54.02114 0.00353 0.41949 0.03476 0.90709
36888.714346280 38.25525 -0.36560 54.07515 0.00260 0.41943 0.03418 0.90714
36888.724397777 38.36752 -0.37326 54.15958 0.00293 0.41961 0.03512 0.90702
36888.734449218 38.43762 -0.37706 54.22531 0.00232 0.41974 0.03475 0.90698
36888.744458248 38.49597 -0.37717 54.30337 0.00230 0.41968 0.03540 0.90698
36888.754509967 38.59943 -0.36726 54.38214 0.00277 0.41988 0.03553 0.90688
36888.764562667 38.71262 -0.36890 54.46274 0.00244 0.41988 0.03492 0.90690
36888.774614232 38.77922 -0.36860 54.53510 0.00258 0.42002 0.03469 0.90685
36888.794917362 38.91313 -0.37247 54.64969 0.00200 0.42025 0.03406 0.90677
36888.815669422 39.08434 -0.37433 54.79914 0.00201 0.42028 0.03443 0.90674
36888.826123989 39.24837 -0.36044 54.91685 0.00244 0.42026 0.03502 0.90672
36888.836176681 39.32499 -0.35880 54.98959 0.00209 0.42029 0.03454 0.90673
36888.846228572 39.42398 -0.35482 55.07106 0.00236 0.42025 0.03434 0.90675
36888.856280480 39.49536 -0.35547 55.12856 0.00243 0.42026 0.03462 0.90674
36888.866333476 39.58689 -0.36584 55.19945 0.00235 0.42021 0.03486 0.90675
36888.876385589 39.67214 -0.36613 55.28161 0.00260 0.42046 0.03511 0.90663
36888.886437189 39.77276 -0.35185 55.36480 0.00227 0.42061 0.03445 0.90658
36888.896488854 39.85572 -0.34314 55.43908 0.00252 0.42062 0.03432 0.90659
36888.906540694 39.97750 -0.33751 55.53053 0.00233 0.42035 0.03406 0.90672
36888.916593975 40.04957 -0.34001 55.60712 0.00206 0.42045 0.03412 0.90667
36888.926647335 40.14518 -0.34264 55.67425 0.00240 0.42036 0.03444 0.90670
36888.936773333 40.22752 -0.35007 55.74399 0.00181 0.42069 0.03300 0.90660
36888.946783938 40.31080 -0.34377 55.82759 0.00204 0.42095 0.03438 0.90643
36888.956891040 40.39970 -0.34231 55.90644 0.00232 0.42094 0.03365 0.90646
36888.966920680 40.47948 -0.34735 55.97811 0.00195 0.42077 0.03414 0.90652
36888.976972170 40.57382 -0.35185 56.06058 0.00184 0.42054 0.03487 0.90660
36888.987023625 40.69740 -0.35149 56.14811 0.00174 0.42084 0.03444 0.90648
36888.997076277 40.80819 -0.34635 56.24459 0.00164 0.42083 0.03467 0.90648
36889.007096123 40.87449 -0.33637 56.30288 0.00181 0.42109 0.03388 0.90638
36889.017147980 40.94432 -0.33479 56.35719 0.00177 0.42079 0.03460 0.90650
36889.027250306 41.00430 -0.34227 56.41527 0.00127 0.42080 0.03463 0.90649
36889.037301902 41.11297 -0.34204 56.49563 0.00140 0.42074 0.03506 0.90650
36889.047353731 41.19884 -0.33872 56.56300 0.00068 0.42085 0.03404 0.90649
36889.057407418 41.28519 -0.34898 56.65393 0.00103 0.42075 0.03473 0.90651
36889.067459394 41.37144 -0.35449 56.73188 0.00050 0.42104 0.03496 0.90637
36889.077511032 41.50016 -0.35367 56.85092 -0.00002 0.42120 0.03374 0.90634
36889.087564429 41.56928 -0.33152 56.90371 0.00065 0.42116 0.03457 0.90633
36889.097616253 41.64112 -0.33760 56.96325 0.00029 0.42129 0.03454 0.90627
36889.107668177 41.73954 -0.34836 57.04345 0.00020 0.42129 0.03426 0.90628
36889.118238820 41.84100 -0.33837 57.12870 0.00014 0.42110 0.03410 0.90637
36889.128290990 41.90442 -0.33982 57.19575 -0.00009 0.42147 0.03392 0.90621
36889.138342892 42.01562 -0.34181 57.27833 -0.00000 0.42153 0.03399 0.90618
36889.148394373 42.09573 -0.34163 57.35965 -0.00043 0.42160 0.03367 0.90616
36889.158447136 42.17340 -0.34392 57.43190 -0.00106 0.42177 0.03258 0.90612
36889.168498676 42.25094 -0.34344 57.50917 -0.00084 0.42192 0.03299 0.90603
36889.178551502 42.34211 -0.33898 57.58559 -0.00095 0.42184 0.03311 0.90606
36889.188604065 42.42579 -0.33599 57.64429 -0.00066 0.42167 0.03403 0.90611
36889.198656706 42.55960 -0.33701 57.76166 -0.00081 0.42167 0.03338 0.90614
36889.208874885 42.62259 -0.32594 57.81482 -0.00062 0.42182 0.03354 0.90606
36889.218901388 42.70029 -0.32553 57.88077 -0.00084 0.42177 0.03266 0.90611
36889.229125143 42.80659 -0.32738 57.97462 -0.00121 0.42209 0.03286 0.90596
36889.239176625 42.89304 -0.33441 58.05757 -0.00114 0.42205 0.03345 0.90596
36889.249228425 42.98058 -0.32519 58.13018 -0.00148 0.42229 0.03317 0.90585
36889.259279911 43.06875 -0.32761 58.19717 -0.00132 0.42204 0.03365 0.90595
36889.269331399 43.16820 -0.32912 58.26990 -0.00146 0.42213 0.03369 0.90591
36889.279383273 43.24851 -0.32475 58.34525 -0.00172 0.42208 0.03356 0.90594
36889.289436362 43.32433 -0.31938 58.40348 -0.00185 0.42207 0.03294 0.90596
36889.299450352 43.41883 -0.31952 58.47929 -0.00194 0.42231 0.03282 0.90585
36889.309502175 43.50461 -0.31859 58.55907 -0.00205 0.42213 0.03286 0.90594
36889.319553886 43.60753 -0.31456 58.64546 -0.00195 0.42231 0.03315 0.90584
36889.329606761 43.70476 -0.31322 58.73937 -0.00214 0.42256 0.03266 0.90574
36889.339658985 43.78283 -0.31315 58.81262 -0.00194 0.42251 0.03308 0.90575
36889.349752147 43.86857 -0.30381 58.88562 -0.00217 0.42262 0.03250 0.90572
36889.359873038 43.95806 -0.29787 58.96187 -0.00227 0.42282 0.03226 0.90564
36889.369925926 44.03849 -0.30110 59.05055 -0.00236 0.42311 0.03161 0.90552
36889.380307040 44.13622 -0.30468 59.12194 -0.00292 0.42300 0.03179 0.90557
36889.390359714 44.21902 -0.31436 59.19090 -0.00262 0.42300 0.03172 0.90557
36889.400412235 44.33207 -0.31203 59.26606 -0.00279 0.42276 0.03183 0.90568
36889.410464017 44.43083 -0.30813 59.34423 -0.00311 0.42271 0.03189 0.90570
36889.420517613 44.50799 -0.32106 59.41935 -0.00356 0.42277 0.03186 0.90567
36889.430568976 44.63075 -0.31730 59.51552 -0.00347 0.42303 0.03214 0.90554
36889.440621428 44.69782 -0.31136 59.56897 -0.00343 0.42260 0.03228 0.90573
36889.450675330 44.79509 -0.31214 59.64205 -0.00344 0.42279 0.03205 0.90565
36889.460686725 44.89371 -0.30679 59.73588 -0.00352 0.42303 0.03133 0.90557
36889.470791721 44.95101 -0.29348 59.81012 -0.00329 0.42345 0.03162 0.90536
36889.480843761 45.04081 -0.29368 59.87995 -0.00330 0.42347 0.03158 0.90535
36889.491112613 45.14912 -0.28943 59.96589 -0.00367 0.42351 0.03075 0.90536
36889.501164065 45.26747 -0.29312 60.05680 -0.00351 0.42332 0.03183 0.90542
36889.511217072 45.33864 -0.29045 60.11513 -0.00347 0.42320 0.03193 0.90547
36889.521268679 45.41316 -0.28631 60.18752 -0.00346 0.42348 0.03183 0.90534
36889.531415766 45.50983 -0.28650 60.27266 -0.00399 0.42359 0.03136 0.90530
36889.541467421 45.59304 -0.28115 60.34837 -0.00460 0.42369 0.03082 0.90527
36889.551519598 45.70070 -0.28373 60.43327 -0.00428 0.42384 0.03158 0.90517
36889.561572670 45.78240 -0.27861 60.50475 -0.00418 0.42355 0.03099 0.90533
36889.571625707 45.89401 -0.28705 60.59169 -0.00492 0.42369 0.03166 0.90524
36889.581677495 45.96161 -0.28967 60.64746 -0.00520 0.42394 0.03120 0.90514
36889.591761153 46.04340 -0.27515 60.71794 -0.00492 0.42368 0.03090 0.90527
36889.601855266 46.15620 -0.27492 60.81815 -0.00522 0.42384 0.03152 0.90518
36889.611909037 46.23910 -0.26878 60.89615 -0.00551 0.42418 0.03097 0.90503
36889.622189701 46.34139 -0.25631 60.98260 -0.00559 0.42419 0.03038 0.90505
36889.632241393 46.42268 -0.26860 61.04135 -0.00562 0.42428 0.03097 0.90499
36889.642293131 46.51246 -0.26471 61.13063 -0.00574 0.42444 0.03078 0.90492
36889.652345571 46.60528 -0.27501 61.19965 -0.00627 0.42443 0.03057 0.90492
36889.662397018 46.68338 -0.26427 61.27387 -0.00597 0.42447 0.03103 0.90489
36889.672450024 46.77262 -0.25577 61.34430 -0.00540 0.42434 0.03118 0.90495
36889.682542561 46.87837 -0.26502 61.42444 -0.00630 0.42453 0.03057 0.90488
36889.692622665 46.95272 -0.26348 61.48395 -0.00605 0.42436 0.03095 0.90495
36889.702674491 47.08606 -0.26016 61.59390 -0.00574 0.42446 0.03047 0.90492
36889.712918524 47.17509 -0.26506 61.66636 -0.00616 0.42433 0.03143 0.90494
36889.722954146 47.24678 -0.25297 61.73934 -0.00608 0.42465 0.03075 0.90482
36889.732979617 47.33687 -0.25526 61.81260 -0.00631 0.42496 0.03056 0.90468
36889.743031123 47.45133 -0.25103 61.90245 -0.00557 0.42466 0.03086 0.90481
36889.753121904 47.54859 -0.24263 61.97621 -0.00571 0.42466 0.03069 0.90481
36889.763174965 47.61572 -0.24563 62.04890 -0.00572 0.42503 0.03025 0.90465
36889.773223221 47.72908 -0.24751 62.13417 -0.00605 0.42507 0.03013 0.90464
36889.783275850 47.79738 -0.24093 62.19889 -0.00606 0.42504 0.03001 0.90465
36889.793327295 47.88099 -0.24482 62.27742 -0.00579 0.42510 0.03011 0.90463
36889.803381055 47.98992 -0.23945 62.34360 -0.00591 0.42491 0.02959 0.90473
36889.813432712 48.09363 -0.23641 62.43921 -0.00537 0.42510 0.02952 0.90465
36889.823484308 48.16308 -0.23721 62.49724 -0.00583 0.42504 0.03011 0.90466
36889.833537176 48.25177 -0.23277 62.57562 -0.00583 0.42551 0.02933 0.90446
36889.843588837 48.36114 -0.22803 62.67364 -0.00577 0.42552 0.02910 0.90446
36889.853642067 48.46936 -0.23277 62.74835 -0.00652 0.42560 0.02809 0.90445
36889.863694746 48.55020 -0.23444 62.82852 -0.00589 0.42558 0.02908 0.90444
36889.874072315 48.65603 -0.22485 62.90862 -0.00577 0.42542 0.02889 0.90451
36889.884079462 48.73526 -0.22239 62.97149 -0.00555 0.42556 0.02883 0.90445
36889.894107261 48.81803 -0.22209 63.04598 -0.00592 0.42564 0.02850 0.90442
36889.904158771 48.93081 -0.22802 63.13947 -0.00600 0.42569 0.02797 0.90442
36889.914454673 49.03932 -0.21515 63.22593 -0.00506 0.42569 0.02868 0.90440
36889.924508495 49.11059 -0.22217 63.27657 -0.00515 0.42542 0.02947 0.90450
36889.934562460 49.22970 -0.22562 63.37587 -0.00515 0.42561 0.02898 0.90443
36889.944638544 49.30477 -0.21197 63.45181 -0.00521 0.42558 0.02847 0.90446
36889.954691626 49.39202 -0.20642 63.52230 -0.00534 0.42572 0.02874 0.90438
36889.964925232 49.48239 -0.20703 63.58372 -0.00520 0.42579 0.02927 0.90433
36889.975457854 49.56190 -0.21762 63.65981 -0.00579 0.42594 0.02913 0.90427
36889.985511375 49.68159 -0.21040 63.76329 -0.00543 0.42598 0.02875 0.90426
36889.995563086 49.74320 -0.20046 63.82315 -0.00558 0.42607 0.02803 0.90424
36890.005616112 49.83802 -0.20393 63.90028 -0.00586 0.42612 0.02869 0.90419
36890.015669434 49.97338 -0.19791 64.00791 -0.00587 0.42617 0.02910 0.90416
36890.025867510 50.03929 -0.20163 64.06628 -0.00579 0.42617 0.02904 0.90416
36890.035935968 50.13881 -0.19652 64.14444 -0.00659 0.42626 0.02792 0.90415
36890.045988047 50.24172 -0.20111 64.23533 -0.00612 0.42661 0.02929 0.90394
36890.056039684 50.32873 -0.20359 64.30532 -0.00681 0.42626 0.03012 0.90407
36890.066092688 50.40709 -0.19238 64.37718 -0.00673 0.42656 0.02953 0.90395
36890.076144306 50.49381 -0.19522 64.44690 -0.00740 0.42644 0.02844 0.90404
36890.086197282 50.58653 -0.18457 64.52486 -0.00669 0.42665 0.03009 0.90389
36890.096249882 50.67343 -0.19593 64.60182 -0.00757 0.42695 0.02951 0.90376
36890.106302042 50.77301 -0.19432 64.68476 -0.00754 0.42701 0.02991 0.90372
36890.116355417 50.87593 -0.17499 64.76765 -0.00710 0.42691 0.03026 0.90376
36890.126410725 50.97590 -0.16802 64.84820 -0.00771 0.42681 0.02930 0.90383
36890.136464241 51.05391 -0.17687 64.92973 -0.00788 0.42712 0.02904 0.90370
36890.146517356 51.15831 -0.17376 65.00804 -0.00771 0.42724 0.02976 0.90362
36890.156571590 51.25531 -0.16909 65.07546 -0.00776 0.42694 0.03000 0.90375
36890.166624603 51.35495 -0.17169 65.14973 -0.00796 0.42703 0.03016 0.90370
36890.176679088 51.43211 -0.17347 65.22216 -0.00833 0.42728 0.02950 0.90360
36890.186985338 51.51773 -0.16352 65.30052 -0.00810 0.42740 0.03032 0.90352
36890.197580964 51.63005 -0.15880 65.40707 -0.00911 0.42759 0.02864 0.90347
36890.207633617 51.75194 -0.15100 65.50172 -0.00799 0.42787 0.02930 0.90333
36890.217686157 51.82934 -0.15758 65.55919 -0.00842 0.42752 0.02947 0.90349
36890.227866221 51.91923 -0.14641 65.63614 -0.00777 0.42765 0.02938 0.90343
36890.237876929 52.00917 -0.13602 65.71244 -0.00762 0.42772 0.02932 0.90341
36890.247878414 52.12481 -0.13187 65.81589 -0.00799 0.42797 0.02870 0.90330
36890.257918977 52.21366 -0.13891 65.89767 -0.00772 0.42801 0.02962 0.90326
36890.267971836 52.29302 -0.13494 65.96652 -0.00785 0.42816 0.02933 0.90319
36890.278025967 52.39150 -0.14289 66.03644 -0.00787 0.42797 0.02944 0.90328
36890.288079758 52.49120 -0.12587 66.10246 -0.00751 0.42809 0.02930 0.90323
36890.298193015 52.55812 -0.11165 66.18579 -0.00761 0.42829 0.02876 0.90315
36890.308244760 52.66896 -0.12164 66.25675 -0.00745 0.42819 0.02901 0.90319
36890.318297263 52.76624 -0.12003 66.34518 -0.00753 0.42812 0.02855 0.90324
36890.328348972 52.85367 -0.11572 66.41214 -0.00754 0.42818 0.02942 0.90318
36890.338400831 52.96195 -0.11676 66.49157 -0.00758 0.42836 0.02942 0.90310
36890.348454373 53.05423 -0.12681 66.57981 -0.00751 0.42851 0.02936 0.90303
36890.358506463 53.13263 -0.11265 66.64983 -0.00750 0.42859 0.02945 0.90299
36890.368560371 53.25106 -0.09748 66.73947 -0.00707 0.42845 0.02996 0.90304
36890.378613692 53.34434 -0.11033 66.81250 -0.00767 0.42835 0.02962 0.90310
36890.388667485 53.42242 -0.10482 66.86004 -0.00769 0.42840 0.03045 0.90304
36890.398774823 53.51832 -0.10190 66.96209 -0.00822 0.42857 0.02980 0.90298
36890.408916488 53.61343 -0.09919 67.04199 -0.00792 0.42867 0.03071 0.90290
36890.418941713 53.72867 -0.09249 67.12741 -0.00758 0.42869 0.03001 0.90292
36890.429016321 53.85815 -0.07406 67.23059 -0.00786 0.42862 0.02962 0.90297
36890.439053753 53.92024 -0.08730 67.29248 -0.00796 0.42890 0.02975 0.90283
36890.449093402 53.99118 -0.08053 67.36186 -0.00833 0.42888 0.02951 0.90284
36890.459212087 54.10540 -0.08767 67.45624 -0.00873 0.42917 0.02981 0.90269
36890.469265866 54.18347 -0.08709 67.50124 -0.00854 0.42910 0.03035 0.90271
36890.479321143 54.31300 -0.08488 67.61785 -0.00816 0.42902 0.03080 0.90273
36890.489374122 54.40984 -0.07099 67.69652 -0.00849 0.42914 0.02974 0.90271
36890.499425496 54.51293 -0.07381 67.76992 -0.00845 0.42933 0.03041 0.90259
36890.509478033 54.61874 -0.06127 67.86050 -0.00805 0.42928 0.03048 0.90262
36890.519530267 54.68726 -0.06816 67.93372 -0.00839 0.42958 0.03021 0.90249
36890.529581779 54.79683 -0.06007 68.01412 -0.00862 0.42964 0.03063 0.90244
36890.539634482 54.88532 -0.05671 68.08751 -0.00848 0.42954 0.03023 0.90250
36890.549687251 54.98585 -0.05607 68.17312 -0.00857 0.42943 0.03076 0.90253
36890.559860629 55.08198 -0.04283 68.25833 -0.00828 0.42964 0.03033 0.90245
36890.569878472 55.17611 -0.03858 68.32614 -0.00867 0.42953 0.03025 0.90251
36890.579898640 55.26500 -0.03555 68.39275 -0.00860 0.42961 0.03066 0.90245
36890.589950103 55.37029 -0.03465 68.48014 -0.00889 0.42962 0.03009 0.90246
36890.600004090 55.47937 -0.02825 68.57653 -0.00873 0.42970 0.02983 0.90244
36890.610057797 55.56365 -0.02901 68.63413 -0.00866 0.42957 0.03075 0.90247
36890.620280321 55.68661 -0.03486 68.72973 -0.00898 0.42971 0.03075 0.90240
36890.630332266 55.77586 -0.01549 68.79151 -0.00857 0.42967 0.03189 0.90238
36890.640384985 55.84656 -0.02379 68.86478 -0.00875 0.42953 0.03147 0.90246
36890.650438918 55.95909 -0.02614 68.95552 -0.00860 0.42976 0.03239 0.90232
36890.660490883 56.04598 -0.03236 69.02789 -0.00910 0.42975 0.03222 0.90233
36890.670544343 56.14690 -0.01301 69.10802 -0.00855 0.42969 0.03178 0.90238
36890.680596661 56.25560 0.00290 69.19084 -0.00888 0.42989 0.03238 0.90226
36890.690648230 56.31151 -0.00800 69.25803 -0.00932 0.42990 0.03150 0.90228
36890.700766779 56.45152 0.00926 69.35355 -0.00881 0.42983 0.03285 0.90227
36890.711168116 56.57233 0.01126 69.44545 -0.00886 0.42969 0.03236 0.90236
36890.721222264 56.66355 0.01598 69.50868 -0.00888 0.42977 0.03229 0.90232
36890.731275953 56.74053 0.02051 69.58431 -0.00865 0.42968 0.03273 0.90234
36890.741355455 56.82491 0.02301 69.65867 -0.00899 0.42997 0.03243 0.90222
36890.751467940 56.94897 0.02286 69.75255 -0.00909 0.43010 0.03173 0.90218
36890.761530107 57.04133 0.03239 69.83488 -0.00915 0.43003 0.03258 0.90218
36890.771547344 57.13653 0.02094 69.90396 -0.00945 0.42974 0.03259 0.90232
36890.781619144 57.22940 0.03383 69.98768 -0.00905 0.43024 0.03278 0.90207
36890.791654164 57.32150 0.03976 70.06794 -0.00932 0.43013 0.03203 0.90215
36890.801767500 57.41602 0.05217 70.14718 -0.00932 0.43005 0.03261 0.90217
36890.811854018 57.52260 0.04725 70.22517 -0.00927 0.42982 0.03259 0.90228
36890.822209387 57.61729 0.04952 70.30009 -0.00932 0.42997 0.03278 0.90220
36890.832262598 57.69982 0.05412 70.36668 -0.00906 0.43021 0.03284 0.90208
36890.842315406 57.79841 0.05292 70.44439 -0.00896 0.43012 0.03363 0.90210
36890.852369457 57.89552 0.05140 70.53345 -0.00899 0.43011 0.03266 0.90214
36890.862423731 58.00600 0.05965 70.61992 -0.00892 0.43021 0.03353 0.90206
36890.872476887 58.10741 0.07079 70.71399 -0.00874 0.43027 0.03321 0.90205
36890.882551762 58.19394 0.06981 70.77349 -0.00900 0.43049 0.03294 0.90195
36890.892603451 58.28312 0.07134 70.84438 -0.00903 0.43051 0.03316 0.90193
36890.902654791 58.39249 0.08567 70.94322 -0.00898 0.43049 0.03254 0.90197
36890.912855910 58.51032 0.08445 71.03539 -0.00884 0.43050 0.03319 0.90194
36890.922874398 58.60694 0.09910 71.10262 -0.00856 0.43014 0.03387 0.90209
36890.932925756 58.70635 0.10220 71.17867 -0.00879 0.43033 0.03345 0.90201
36890.942978625 58.76313 0.08951 71.23189 -0.00896 0.43033 0.03328 0.90201
36890.953029976 58.87418 0.09595 71.32254 -0.00918 0.43034 0.03355 0.90199
36890.963082889 58.96829 0.09730 71.40221 -0.00908 0.43030 0.03387 0.90201
36890.973136843 59.08749 0.11333 71.48846 -0.00910 0.43067 0.03377 0.90183
36890.983189591 59.15986 0.09849 71.54020 -0.00859 0.43037 0.03473 0.90194
36890.993240948 59.26420 0.11141 71.63868 -0.00883 0.43041 0.03458 0.90193
36891.003292628 59.39017 0.12267 71.73037 -0.00866 0.43030 0.03390 0.90201
36891.013344185 59.48357 0.13517 71.80762 -0.00871 0.43046 0.03389 0.90193
36891.023395769 59.59018 0.14339 71.90074 -0.00876 0.43056 0.03377 0.90189
36891.033447423 59.65555 0.13464 71.95870 -0.00941 0.43073 0.03376 0.90180
36891.043499168 59.75595 0.13979 72.03094 -0.00955 0.43065 0.03407 0.90183
36891.053550706 59.87091 0.13705 72.13135 -0.00948 0.43079 0.03483 0.90173
36891.063603514 59.96120 0.13276 72.19648 -0.00929 0.43063 0.03506 0.90180
36891.073656915 60.06065 0.15207 72.28163 -0.00923 0.43070 0.03452 0.90178
36891.083746453 60.17002 0.15574 72.37575 -0.00916 0.43079 0.03473 0.90174
36891.094190489 60.29199 0.17167 72.48370 -0.00936 0.43092 0.03440 0.90168
36891.104242296 60.33559 0.16402 72.50852 -0.00930 0.43096 0.03479 0.90165
36891.114294976 60.45588 0.15837 72.61907 -0.00986 0.43109 0.03417 0.90161
36891.124348812 60.53553 0.17141 72.68155 -0.00957 0.43131 0.03439 0.90150
36891.134401674 60.62823 0.18633 72.75613 -0.00967 0.43110 0.03407 0.90161
36891.144453195 60.74354 0.18879 72.84888 -0.00930 0.43132 0.03459 0.90149
36891.154505910 60.83711 0.19668 72.91720 -0.00952 0.43119 0.03475 0.90154
36891.164558593 60.92719 0.19662 72.99874 -0.00979 0.43112 0.03481 0.90157
36891.174611104 61.03814 0.18871 73.08376 -0.00948 0.43116 0.03549 0.90153
36891.184663855 61.13333 0.19242 73.15241 -0.00973 0.43109 0.03549 0.90156
36891.194789566 61.23119 0.19136 73.23096 -0.00981 0.43099 0.03539 0.90161
36891.205259630 61.33242 0.19670 73.32277 -0.00995 0.43120 0.03532 0.90151
36891.215312785 61.43423 0.21760 73.41264 -0.00977 0.43124 0.03472 0.90152
36891.225365636 61.52152 0.21211 73.48210 -0.00942 0.43150 0.03528 0.90137
36891.235419058 61.61844 0.20371 73.55568 -0.00964 0.43148 0.03616 0.90134
36891.245471579 61.70819 0.21216 73.63874 -0.00918 0.43169 0.03736 0.90120
36891.255524714 61.84229 0.20627 73.73500 -0.00953 0.43154 0.03624 0.90132
36891.265576551 61.92190 0.22171 73.79116 -0.00959 0.43136 0.03605 0.90141
36891.275628477 61.98537 0.21582 73.84583 -0.00987 0.43151 0.03582 0.90134
36891.285680007 62.11365 0.22065 73.93921 -0.00985 0.43144 0.03648 0.90135
36891.296057966 62.21924 0.22628 74.03841 -0.00943 0.43148 0.03686 0.90132
36891.306111780 62.30890 0.23349 74.11022 -0.00956 0.43162 0.03662 0.90126
36891.316134327 62.40305 0.23410 74.18887 -0.00991 0.43167 0.03601 0.90126
36891.326390615 62.46903 0.24825 74.25997 -0.00994 0.43197 0.03596 0.90112
36891.336443447 62.59265 0.24933 74.35172 -0.00932 0.43167 0.03627 0.90126
36891.346495973 62.70236 0.25288 74.41937 -0.00977 0.43176 0.03542 0.90124
36891.356547952 62.77577 0.25553 74.48808 -0.01025 0.43196 0.03510 0.90115
36891.366599555 62.88685 0.26632 74.57861 -0.00975 0.43192 0.03530 0.90117
36891.376653018 62.94819 0.25831 74.64415 -0.00974 0.43206 0.03678 0.90104
36891.387185460 63.05849 0.25980 74.71515 -0.00936 0.43176 0.03686 0.90118
36891.397238209 63.16278 0.25517 74.81144 -0.00968 0.43211 0.03584 0.90106
36891.407289866 63.26052 0.26852 74.89826 -0.00957 0.43225 0.03680 0.90095
36891.417342802 63.38953 0.27761 74.98191 -0.00931 0.43198 0.03664 0.90109
36891.427394468 63.44650 0.27576 75.03314 -0.00969 0.43221 0.03650 0.90098
36891.437447175 63.55434 0.28035 75.13067 -0.00969 0.43234 0.03673 0.90091
36891.447498760 63.65368 0.27947 75.22673 -0.00998 0.43258 0.03694 0.90079
36891.457550280 63.74029 0.29753 75.28900 -0.00985 0.43227 0.03639 0.90096
36891.467601777 63.84753 0.29745 75.36758 -0.00988 0.43240 0.03646 0.90089
36891.477655763 63.91614 0.28991 75.44098 -0.01041 0.43249 0.03599 0.90086
36891.487774279 64.01345 0.30797 75.52871 -0.01013 0.43275 0.03579 0.90075
36891.498196658 64.13053 0.30246 75.60246 -0.01040 0.43276 0.03628 0.90072
36891.508248835 64.23515 0.31446 75.68851 -0.01019 0.43270 0.03600 0.90076
36891.518302595 64.29759 0.31501 75.75583 -0.01041 0.43275 0.03605 0.90073
36891.528355257 64.40887 0.31459 75.83739 -0.01107 0.43267 0.03555 0.90078
36891.538408068 64.51035 0.32279 75.91483 -0.01064 0.43285 0.03578 0.90069
36891.548460698 64.58279 0.32899 75.98263 -0.01042 0.43283 0.03617 0.90069
36891.558513504 64.70109 0.32251 76.07317 -0.01065 0.43261 0.03649 0.90078
36891.568566203 64.78676 0.31848 76.16326 -0.01072 0.43273 0.03688 0.90070
36891.578619087 64.85505 0.33016 76.21566 -0.01143 0.43281 0.03609 0.90069
36891.588673856 64.97803 0.33336 76.30906 -0.01113 0.43285 0.03638 0.90066
36891.598865584 65.06774 0.33671 76.38467 -0.01125 0.43293 0.03586 0.90065
36891.609117017 65.17661 0.34473 76.45408 -0.01092 0.43247 0.03702 0.90082
36891.619168721 65.29776 0.35636 76.55214 -0.01118 0.43260 0.03632 0.90078
36891.629220628 65.37711 0.36853 76.62335 -0.01140 0.43266 0.03590 0.90077
36891.639272717 65.50398 0.37198 76.71576 -0.01107 0.43262 0.03690 0.90075
36891.649324208 65.57598 0.36879 76.77043 -0.01167 0.43230 0.03609 0.90093
36891.659377482 65.67939 0.35519 76.86193 -0.01161 0.43265 0.03714 0.90072
36891.669430489 65.76019 0.36814 76.92971 -0.01187 0.43264 0.03659 0.90074
36891.679482125 65.84150 0.36703 77.00856 -0.01189 0.43267 0.03685 0.90072
36891.689536108 65.93869 0.36746 77.07803 -0.01243 0.43283 0.03616 0.90067
36891.699587766 66.04402 0.38083 77.17217 -0.01216 0.43268 0.03622 0.90074
36891.709639695 66.16836 0.38806 77.25878 -0.01203 0.43264 0.03684 0.90073
36891.719691423 66.23366 0.38719 77.31307 -0.01190 0.43285 0.03679 0.90063
36891.729915763 66.36299 0.40666 77.43573 -0.01202 0.43282 0.03643 0.90066
36891.739973292 66.44915 0.41267 77.50049 -0.01219 0.43277 0.03658 0.90068
36891.750042853 66.52829 0.40174 77.57441 -0.01256 0.43275 0.03641 0.90069
36891.760221568 66.61653 0.40723 77.64747 -0.01247 0.43302 0.03688 0.90054
36891.770273094 66.72530 0.41356 77.73886 -0.01234 0.43290 0.03717 0.90059
36891.780324581 66.83901 0.41753 77.82573 -0.01214 0.43301 0.03666 0.90056
36891.790375877 66.93101 0.41303 77.88506 -0.01295 0.43282 0.03621 0.90066
36891.800427357 67.00890 0.42189 77.95353 -0.01287 0.43273 0.03686 0.90068
36891.810478726 67.09728 0.42762 78.03469 -0.01280 0.43282 0.03746 0.90061
36891.820530046 67.21187 0.43209 78.12966 -0.01329 0.43291 0.03660 0.90060
36891.830581494 67.32749 0.43264 78.20177 -0.01277 0.43275 0.03763 0.90064
36891.840632803 67.32359 0.44079 78.19369 -0.01233 0.43268 0.03804 0.90066
36891.850684246 67.47595 0.45113 78.32894 -0.01321 0.43271 0.03702 0.90067
36891.860916562 67.61712 0.44315 78.44141 -0.01293 0.43304 0.03707 0.90052
36891.870920779 67.74362 0.44592 78.54575 -0.01328 0.43303 0.03713 0.90051
36891.880972551 67.82897 0.44724 78.61391 -0.01339 0.43322 0.03728 0.90042
36891.891024640 67.92793 0.46501 78.69269 -0.01259 0.43297 0.03760 0.90053
36891.901076043 68.03531 0.46410 78.77542 -0.01281 0.43298 0.03772 0.90052
36891.911096399 68.13607 0.46657 78.85028 -0.01293 0.43266 0.03773 0.90068
36891.921149642 68.22658 0.46725 78.92034 -0.01289 0.43287 0.03797 0.90057
36891.931202561 68.32981 0.48564 79.00811 -0.01261 0.43277 0.03775 0.90063
36891.941255562 68.42200 0.48262 79.08894 -0.01286 0.43284 0.03789 0.90058
36891.951308790 68.51370 0.48150 79.16660 -0.01319 0.43332 0.03711 0.90038
36891.961361798 68.62539 0.49723 79.25261 -0.01267 0.43322 0.03720 0.90043
36891.971414283 68.71656 0.51526 79.32003 -0.01285 0.43308 0.03677 0.90051
36891.981466888 68.79704 0.49728 79.39138 -0.01309 0.43309 0.03718 0.90049
36891.991518486 68.89204 0.51468 79.46837 -0.01252 0.43309 0.03756 0.90048
36892.001570127 68.99927 0.52117 79.54595 -0.01217 0.43307 0.03820 0.90047
36892.011622895 69.08001 0.51888 79.62772 -0.01268 0.43326 0.03764 0.90040
36892.021676385 69.17632 0.52066 79.72093 -0.01210 0.43303 0.03814 0.90049
36892.032412656 69.29534 0.53221 79.80379 -0.01275 0.43323 0.03830 0.90038
36892.042465330 69.41032 0.54282 79.88107 -0.01251 0.43300 0.03768 0.90052
36892.052517954 69.51248 0.53568 79.95425 -0.01228 0.43288 0.03803 0.90057
36892.062572461 69.63368 0.55703 80.04608 -0.01214 0.43266 0.03848 0.90065
36892.072625262 69.72655 0.56084 80.11217 -0.01198 0.43268 0.03819 0.90066
36892.082678224 69.83593 0.57142 80.19853 -0.01222 0.43297 0.03758 0.90054
36892.092776403 69.89878 0.56583 80.27140 -0.01215 0.43312 0.03849 0.90043
36892.102940245 70.00048 0.56468 80.36597 -0.01264 0.43320 0.03796 0.90041
36892.112993209 70.10588 0.57755 80.44791 -0.01236 0.43327 0.03728 0.90041
36892.123045960 70.18133 0.59048 80.52395 -0.01203 0.43347 0.03816 0.90028
36892.133099431 70.28788 0.59206 80.59574 -0.01294 0.43372 0.03711 0.90019
36892.143152241 70.37918 0.59294 80.65765 -0.01306 0.43335 0.03758 0.90035
36892.153205125 70.49230 0.60656 80.74141 -0.01270 0.43284 0.03867 0.90055
36892.163258572 70.61435 0.62194 80.83967 -0.01246 0.43327 0.03804 0.90038
36892.173309892 70.68500 0.61711 80.89364 -0.01290 0.43316 0.03704 0.90046
36892.183362902 70.77608 0.61481 80.97358 -0.01285 0.43322 0.03824 0.90039
36892.193414470 70.87747 0.63972 81.05547 -0.01286 0.43340 0.03810 0.90030
36892.203466171 70.94891 0.64689 81.12048 -0.01281 0.43350 0.03771 0.90027
36892.213518900 71.04098 0.63708 81.20489 -0.01216 0.43333 0.03872 0.90032
36892.223571904 71.15532 0.64859 81.28565 -0.01225 0.43354 0.03784 0.90025
36892.233623478 71.27849 0.64836 81.37147 -0.01352 0.43359 0.03656 0.90027
36892.243676125 71.37832 0.66236 81.45439 -0.01398 0.43363 0.03674 0.90023
36892.253902718 71.49815 0.66419 81.54264 -0.01348 0.43318 0.03695 0.90045
36892.263955380 71.59676 0.65948 81.62725 -0.01337 0.43337 0.03692 0.90036
36892.273971337 71.69640 0.66420 81.68615 -0.01335 0.43316 0.03806 0.90041
36892.284024931 71.79763 0.67918 81.75931 -0.01252 0.43296 0.03853 0.90050
36892.294078582 71.90126 0.68529 81.84250 -0.01281 0.43294 0.03828 0.90052
36892.304130359 71.99767 0.70528 81.91358 -0.01362 0.43305 0.03687 0.90051
36892.314183823 72.07862 0.70287 81.99424 -0.01274 0.43328 0.03736 0.90040
36892.324235816 72.17335 0.70522 82.06048 -0.01309 0.43306 0.03682 0.90052
36892.334287264 72.27038 0.70627 82.15139 -0.01307 0.43336 0.03763 0.90034
36892.344339141 72.38847 0.70761 82.23273 -0.01293 0.43328 0.03835 0.90035
36892.354393323 72.44408 0.70040 82.29765 -0.01346 0.43338 0.03761 0.90033
36892.364446518 72.55026 0.70764 82.38682 -0.01358 0.43353 0.03773 0.90024
36892.374498144 72.62537 0.70066 82.45478 -0.01340 0.43295 0.03873 0.90049
36892.384549830 72.72735 0.70287 82.52209 -0.01361 0.43317 0.03878 0.90038
36892.394601291 72.82113 0.70759 82.58572 -0.01336 0.43301 0.03856 0.90046
36892.404653000 72.93987 0.72098 82.67651 -0.01350 0.43280 0.03888 0.90055
36892.415168484 72.99177 0.72914 82.73431 -0.01307 0.43236 0.03897 0.90076
36892.425170345 73.11244 0.73619 82.81900 -0.01324 0.43288 0.03807 0.90055
36892.435172755 73.25606 0.74446 82.92477 -0.01341 0.43286 0.03898 0.90052
36892.445272841 73.32142 0.75822 82.99040 -0.01296 0.43294 0.03852 0.90051
36892.455321593 73.39074 0.74967 83.06160 -0.01375 0.43304 0.03825 0.90046
36892.465372767 73.50284 0.76524 83.14697 -0.01439 0.43327 0.03753 0.90037
36892.475426854 73.59590 0.77243 83.21095 -0.01390 0.43323 0.03827 0.90036
36892.485439422 73.71189 0.77207 83.30223 -0.01412 0.43323 0.03873 0.90034
36892.495483682 73.81328 0.77597 83.38096 -0.01413 0.43320 0.03863 0.90036
36892.505532156 73.90868 0.77887 83.45710 -0.01421 0.43315 0.03830 0.90040
36892.515597423 73.99100 0.79976 83.52246 -0.01421 0.43304 0.03768 0.90048
36892.525644519 74.09510 0.80271 83.59943 -0.01426 0.43323 0.03769 0.90038
36892.535678158 74.17897 0.81252 83.65820 -0.01446 0.43308 0.03687 0.90048
36892.546105714 74.26432 0.82851 83.73958 -0.01407 0.43302 0.03760 0.90049
36892.556239733 74.39536 0.82693 83.83650 -0.01412 0.43307 0.03793 0.90045
36892.566604173 74.49500 0.84373 83.91889 -0.01425 0.43313 0.03723 0.90045
36892.576657450 74.57936 0.85990 83.98818 -0.01366 0.43312 0.03747 0.90045
36892.586931493 74.68678 0.85385 84.06750 -0.01393 0.43323 0.03738 0.90040
36892.596981285 74.81497 0.85906 84.14534 -0.01373 0.43284 0.03809 0.90056
36892.607028918 74.92121 0.86768 84.22806 -0.01405 0.43279 0.03772 0.90060
36892.617086394 75.04238 0.87956 84.33031 -0.01395 0.43300 0.03741 0.90051
36892.627133836 75.13472 0.89216 84.38905 -0.01419 0.43293 0.03705 0.90055
36892.637184402 75.24365 0.91170 84.46832 -0.01417 0.43284 0.03751 0.90058
36892.647227323 75.33331 0.91682 84.54403 -0.01356 0.43254 0.03728 0.90074
36892.657273904 75.40835 0.91997 84.60343 -0.01379 0.43249 0.03780 0.90074
36892.667320648 75.49389 0.92432 84.68197 -0.01415 0.43281 0.03586 0.90066
36892.677389971 75.59662 0.93083 84.75434 -0.01398 0.43275 0.03623 0.90068
36892.687419239 75.68982 0.93139 84.84859 -0.01402 0.43301 0.03681 0.90053
36892.697469000 75.79302 0.93995 84.92284 -0.01402 0.43273 0.03682 0.90066
36892.707494232 75.88252 0.96420 84.99064 -0.01421 0.43308 0.03605 0.90052
36892.717581892 75.95797 0.96983 85.06025 -0.01410 0.43287 0.03635 0.90061
36892.727607928 76.08702 0.96900 85.15019 -0.01411 0.43296 0.03642 0.90057
36892.737661942 76.18155 0.97095 85.23649 -0.01474 0.43296 0.03622 0.90056
36892.747679667 76.27629 0.97283 85.31343 -0.01420 0.43275 0.03684 0.90065
36892.757767948 76.35438 0.97847 85.36662 -0.01466 0.43280 0.03596 0.90065
36892.768435340 76.46122 0.97377 85.44962 -0.01478 0.43285 0.03642 0.90061
36892.778488281 76.56699 0.99099 85.54529 -0.01434 0.43278 0.03721 0.90062
36892.788541252 76.66771 0.99614 85.61667 -0.01498 0.43271 0.03660 0.90067
36892.798594041 76.77352 1.00229 85.71020 -0.01441 0.43274 0.03765 0.90061
36892.808647383 76.87939 1.02013 85.79134 -0.01516 0.43268 0.03602 0.90070
36892.818773921 76.96510 1.01177 85.87092 -0.01483 0.43249 0.03721 0.90075
36892.828789443 77.04396 1.01631 85.93438 -0.01468 0.43277 0.03746 0.90060
36892.838870975 77.15764 1.02714 86.02242 -0.01504 0.43288 0.03760 0.90054
36892.848880486 77.23692 1.03140 86.09416 -0.01552 0.43280 0.03674 0.90061
36892.858890516 77.35687 1.03832 86.18441 -0.01543 0.43283 0.03667 0.90060
36892.868924213 77.44451 1.04071 86.26175 -0.01540 0.43299 0.03729 0.90049
36892.879169939 77.55154 1.04402 86.34715 -0.01527 0.43279 0.03714 0.90060
36892.889222884 77.62497 1.04667 86.40377 -0.01552 0.43291 0.03687 0.90055
36892.899275523 77.72916 1.05190 86.49151 -0.01566 0.43304 0.03716 0.90047
36892.909328388 77.83754 1.05635 86.56744 -0.01540 0.43276 0.03737 0.90060
36892.919380649 77.92103 1.07064 86.64726 -0.01584 0.43318 0.03604 0.90045
36892.929432282 78.01943 1.07248 86.72130 -0.01547 0.43296 0.03670 0.90053
36892.939483818 78.14453 1.07845 86.81691 -0.01510 0.43264 0.03711 0.90068
36892.949535577 78.21345 1.08003 86.88222 -0.01561 0.43294 0.03662 0.90054
36892.959588000 78.34896 1.09524 86.99699 -0.01534 0.43308 0.03649 0.90049
36892.969642312 78.44079 1.10287 87.07498 -0.01535 0.43312 0.03632 0.90047
36892.979694012 78.52763 1.10101 87.13265 -0.01535 0.43324 0.03697 0.90039
36892.989928679 78.60987 1.10124 87.20199 -0.01544 0.43320 0.03653 0.90042
36892.999933278 78.71392 1.10302 87.28262 -0.01534 0.43300 0.03634 0.90053
36893.009985036 78.80644 1.10877 87.35086 -0.01554 0.43305 0.03692 0.90048
36893.020002403 78.91722 1.10464 87.45334 -0.01573 0.43318 0.03697 0.90041
36893.030076081 79.00215 1.11162 87.51674 -0.01559 0.43330 0.03660 0.90037
36893.040115698 79.10975 1.13495 87.61235 -0.01519 0.43310 0.03615 0.90049
36893.050166771 79.19122 1.13521 87.66759 -0.01492 0.43330 0.03633 0.90039
36893.060218385 79.28659 1.14236 87.75220 -0.01528 0.43321 0.03589 0.90045
36893.070263109 79.37564 1.14586 87.81839 -0.01507 0.43335 0.03616 0.90037
36893.080290281 79.47722 1.14532 87.89617 -0.01526 0.43344 0.03628 0.90032
36893.090339091 79.58880 1.14986 87.98371 -0.01507 0.43346 0.03627 0.90032
36893.100409339 79.65752 1.14670 88.04008 -0.01517 0.43354 0.03642 0.90027
36893.110458794 79.75389 1.16484 88.12716 -0.01544 0.43348 0.03595 0.90031
36893.120507208 79.85923 1.16620 88.21053 -0.01547 0.43372 0.03574 0.90021
36893.130543888 79.94917 1.17374 88.27855 -0.01520 0.43352 0.03606 0.90029
36893.140614377 80.03445 1.18160 88.34424 -0.01520 0.43355 0.03588 0.90029
36893.150669740 80.13470 1.18511 88.41627 -0.01516 0.43338 0.03625 0.90035
36893.160750265 80.25508 1.18742 88.53382 -0.01564 0.43348 0.03558 0.90032
36893.170882337 80.34906 1.19702 88.58762 -0.01533 0.43339 0.03565 0.90037
36893.180949753 80.45474 1.19463 88.67563 -0.01536 0.43341 0.03627 0.90033
36893.191003789 80.52303 1.20129 88.73807 -0.01521 0.43370 0.03608 0.90021
36893.201056228 80.63537 1.20655 88.83193 -0.01535 0.43380 0.03572 0.90017
36893.211100615 80.73016 1.20826 88.90992 -0.01520 0.43390 0.03552 0.90013
36893.221153645 80.84256 1.22021 89.00246 -0.01505 0.43404 0.03580 0.90006
36893.231205142 80.94333 1.23018 89.06990 -0.01493 0.43381 0.03539 0.90018
36893.241256416 81.00108 1.22926 89.12995 -0.01509 0.43381 0.03542 0.90018
36893.251307860 81.13147 1.23586 89.22258 -0.01530 0.43389 0.03513 0.90015
36893.261359316 81.23428 1.23437 89.30521 -0.01502 0.43379 0.03582 0.90017
36893.271410982 81.33040 1.23544 89.37512 -0.01521 0.43397 0.03530 0.90011
36893.281462537 81.41670 1.23933 89.45722 -0.01540 0.43395 0.03515 0.90012
36893.291513932 81.50725 1.24893 89.51568 -0.01481 0.43379 0.03502 0.90021
36893.301566531 81.61180 1.26108 89.61145 -0.01500 0.43396 0.03548 0.90011
36893.311619129 81.71105 1.27465 89.68471 -0.01503 0.43399 0.03447 0.90013
36893.321671859 81.79864 1.27319 89.75563 -0.01478 0.43392 0.03459 0.90017
36893.331774195 81.91351 1.28158 89.83536 -0.01477 0.43375 0.03462 0.90025
36893.341779336 82.01827 1.27775 89.91876 -0.01506 0.43367 0.03484 0.90027
36893.351858521 82.10298 1.28633 89.99342 -0.01452 0.43405 0.03530 0.90008
36893.362145258 82.19283 1.29315 90.06683 -0.01497 0.43410 0.03468 0.90007
36893.372196821 82.27880 1.28642 90.13963 -0.01528 0.43404 0.03475 0.90009
36893.382248558 82.37700 1.29387 90.21838 -0.01512 0.43409 0.03451 0.90008
36893.392300126 82.46582 1.29532 90.29725 -0.01500 0.43407 0.03482 0.90008
36893.402352456 82.57217 1.30617 90.36276 -0.01520 0.43398 0.03482 0.90012
36893.412404175 82.68252 1.30476 90.43622 -0.01547 0.43376 0.03491 0.90022
36893.422455942 82.78228 1.31616 90.52820 -0.01517 0.43397 0.03526 0.90011
36893.432507975 82.85715 1.32881 90.59809 -0.01501 0.43396 0.03507 0.90012
36893.442559338 82.97041 1.33075 90.67312 -0.01532 0.43409 0.03470 0.90007
36893.452612189 83.06521 1.32616 90.76529 -0.01528 0.43413 0.03537 0.90003
36893.462665288 83.15187 1.33378 90.83036 -0.01554 0.43411 0.03539 0.90003
36893.472769970 83.24194 1.33619 90.91506 -0.01559 0.43433 0.03448 0.89996
36893.483253478 83.33875 1.34010 90.98304 -0.01570 0.43419 0.03543 0.89999
36893.493299676 83.43094 1.35830 91.05912 -0.01568 0.43397 0.03465 0.90013
36893.503350284 83.52197 1.37143 91.13286 -0.01602 0.43405 0.03401 0.90010
36893.513391896 83.62033 1.37296 91.20617 -0.01549 0.43431 0.03433 0.89998
36893.523444284 83.70271 1.36322 91.28113 -0.01585 0.43441 0.03454 0.89991
36893.533485802 83.82442 1.37040 91.37303 -0.01586 0.43432 0.03490 0.89994
36893.543536073 83.90394 1.37602 91.44776 -0.01584 0.43455 0.03508 0.89982
36893.553592387 84.00877 1.38048 91.52471 -0.01617 0.43432 0.03434 0.89996
36893.563652693 84.10427 1.38204 91.59259 -0.01625 0.43435 0.03476 0.89993
36893.573666026 84.20608 1.38985 91.66901 -0.01609 0.43439 0.03512 0.89989
36893.583733825 84.29213 1.40620 91.73492 -0.01593 0.43454 0.03473 0.89984
36893.593839969 84.38198 1.39697 91.81800 -0.01597 0.43459 0.03532 0.89979
36893.603889219 84.50024 1.41281 91.92320 -0.01618 0.43472 0.03463 0.89976
36893.613912917 84.59490 1.43036 91.99181 -0.01615 0.43469 0.03457 0.89977
36893.623965751 84.67716 1.41764 92.05513 -0.01594 0.43461 0.03546 0.89978
36893.634018904 84.78637 1.42124 92.13535 -0.01663 0.43469 0.03476 0.89976
36893.644160909 84.88149 1.42734 92.21120 -0.01641 0.43468 0.03513 0.89975
36893.654212434 84.97659 1.43693 92.28216 -0.01654 0.43451 0.03470 0.89984
36893.664263968 85.06937 1.44857 92.37293 -0.01638 0.43469 0.03532 0.89974
36893.674315373 85.12542 1.44408 92.41085 -0.01640 0.43479 0.03461 0.89971
36893.684366714 85.25130 1.44739 92.51397 -0.01647 0.43494 0.03426 0.89966
36893.694418092 85.32922 1.46791 92.57299 -0.01606 0.43486 0.03454 0.89969
36893.704470818 85.44771 1.46774 92.65552 -0.01641 0.43474 0.03471 0.89974
36893.714523313 85.54044 1.46932 92.74544 -0.01611 0.43498 0.03498 0.89962
36893.724576504 85.62782 1.47349 92.80612 -0.01614 0.43491 0.03479 0.89966
36893.734627754 85.71845 1.47478 92.88374 -0.01600 0.43500 0.03495 0.89961
36893.744679965 85.80365 1.48823 92.94407 -0.01644 0.43505 0.03436 0.89960
36893.754864091 85.90877 1.48838 93.03433 -0.01624 0.43521 0.03432 0.89953
36893.764868504 86.00354 1.48937 93.11098 -0.01641 0.43502 0.03422 0.89962
36893.774921782 86.09472 1.50702 93.17889 -0.01611 0.43515 0.03419 0.89956
36893.784973276 86.20730 1.50360 93.26963 -0.01628 0.43511 0.03430 0.89958
36893.795025683 86.27877 1.52408 93.34290 -0.01639 0.43531 0.03390 0.89949
36893.805078689 86.37181 1.51707 93.41745 -0.01640 0.43542 0.03363 0.89945
36893.815105161 86.47800 1.52118 93.49556 -0.01616 0.43545 0.03357 0.89944
36893.825158677 86.53184 1.52895 93.54563 -0.01615 0.43557 0.03411 0.89936
36893.835210296 86.64509 1.52405 93.62762 -0.01649 0.43534 0.03387 0.89948
36893.845262782 86.75549 1.54094 93.70480 -0.01631 0.43536 0.03399 0.89946
36893.855314231 86.84725 1.55197 93.78814 -0.01614 0.43532 0.03370 0.89950
36893.865379334 86.95418 1.55707 93.87146 -0.01590 0.43541 0.03396 0.89945
36893.875430881 87.03052 1.55247 93.93826 -0.01643 0.43559 0.03404 0.89935
36893.885483496 87.12729 1.56430 94.00859 -0.01641 0.43543 0.03373 0.89944
36893.895534973 87.21877 1.55668 94.08383 -0.01648 0.43558 0.03354 0.89937
36893.905586431 87.31635 1.56606 94.15568 -0.01667 0.43573 0.03373 0.89929
36893.915639068 87.42739 1.57785 94.26522 -0.01678 0.43571 0.03310 0.89932
36893.925691795 87.49754 1.58358 94.31495 -0.01663 0.43575 0.03333 0.89930
36893.936180871 87.62188 1.59699 94.41539 -0.01673 0.43573 0.03359 0.89929
36893.946233448 87.71757 1.59044 94.48507 -0.01714 0.43587 0.03345 0.89922
36893.956286206 87.80780 1.59643 94.55107 -0.01735 0.43576 0.03349 0.89927
36893.966340078 87.90725 1.59529 94.64099 -0.01757 0.43595 0.03348 0.89917
36893.976350938 87.97489 1.59725 94.69652 -0.01812 0.43602 0.03244 0.89917
36893.986403991 88.08824 1.60108 94.78510 -0.01782 0.43605 0.03329 0.89913
36893.996455349 88.19054 1.61965 94.86965 -0.01780 0.43608 0.03311 0.89912
36894.006506766 88.29889 1.62062 94.95402 -0.01780 0.43608 0.03310 0.89912
36894.016558648 88.38679 1.62729 95.02792 -0.01785 0.43625 0.03343 0.89903
36894.026610496 88.43839 1.63017 95.07504 -0.01795 0.43629 0.03343 0.89900
36894.036662140 88.52924 1.61932 95.13840 -0.01825 0.43623 0.03319 0.89904
36894.046744441 88.62515 1.62360 95.22632 -0.01820 0.43642 0.03330 0.89894
36894.056845233 88.73229 1.64271 95.29392 -0.01835 0.43625 0.03284 0.89904
36894.066897828 88.85769 1.65417 95.40481 -0.01835 0.43635 0.03261 0.89900
36894.077243627 88.97068 1.67242 95.48228 -0.01815 0.43642 0.03253 0.89897
36894.087296241 89.02716 1.67156 95.54388 -0.01799 0.43639 0.03298 0.89897
36894.097348840 89.11667 1.67662 95.61351 -0.01841 0.43653 0.03294 0.89890
36894.107401454 89.19103 1.68098 95.67176 -0.01850 0.43649 0.03253 0.89893
36894.117454031 89.30343 1.68311 95.76525 -0.01826 0.43672 0.03269 0.89882
36894.127506531 89.39890 1.68977 95.83678 -0.01858 0.43659 0.03280 0.89887
36894.137559135 89.49980 1.69486 95.92020 -0.01848 0.43676 0.03298 0.89878
36894.147611700 89.60210 1.69584 96.00136 -0.01827 0.43673 0.03260 0.89882
36894.157663230 89.72873 1.70639 96.09168 -0.01873 0.43674 0.03177 0.89883
36894.167715958 89.78601 1.72281 96.12974 -0.01862 0.43689 0.03186 0.89876
