1518196921.462221500 0.00415 0.00204 -0.00174 0.00019 0.00094 -0.00182 1.00000
1518196921.482331194 0.01024 0.00207 -0.00082 0.00138 0.00242 -0.00265 0.99999
1518196921.492398637 0.01391 0.00184 -0.00286 0.00197 0.00247 -0.00477 0.99998
1518196921.502461425 0.01956 0.00130 -0.00042 0.00183 0.00249 -0.00492 0.99998
1518196921.512518027 0.02082 0.00123 -0.00351 0.00203 0.00268 -0.00581 0.99998
1518196921.522581841 0.02374 -0.00035 0.00058 0.00192 0.00241 -0.00673 0.99997
1518196921.532647725 0.02802 -0.00217 -0.00114 0.00200 0.00261 -0.00549 0.99998
1518196921.542704633 0.03249 -0.00287 -0.00429 0.00246 0.00217 -0.00524 0.99998
1518196921.552761975 0.03871 -0.00390 -0.00392 0.00229 0.00085 -0.00705 0.99997
1518196921.562822924 0.04074 -0.00250 -0.00463 0.00311 0.00201 -0.00769 0.99996
1518196921.572889180 0.04471 -0.00188 -0.00351 0.00424 0.00206 -0.00592 0.99997
1518196921.582951872 0.04759 -0.00022 0.00065 0.00456 0.00304 -0.00800 0.99995
1518196921.593017871 0.05010 0.00021 0.00326 0.00538 0.00411 -0.00769 0.99995
1518196921.603034526 0.04978 0.00122 0.00093 0.00602 0.00546 -0.00736 0.99994
1518196921.613094954 0.05267 -0.00004 -0.00304 0.00644 0.00646 -0.00723 0.99993
1518196921.623150532 0.05597 -0.00270 -0.00164 0.00617 0.00624 -0.00753 0.99993
1518196921.633203348 0.06036 -0.00259 0.00169 0.00635 0.00636 -0.00932 0.99992
1518196921.643259669 0.06403 -0.00647 -0.00048 0.00540 0.00519 -0.00926 0.99993
1518196921.653332660 0.06820 -0.00930 0.00507 0.00451 0.00500 -0.01212 0.99990
1518196921.663366730 0.07218 -0.01103 0.00135 0.00411 0.00530 -0.01019 0.99993
1518196921.673422195 0.07456 -0.01235 -0.00224 0.00470 0.00475 -0.01113 0.99992
1518196921.683474712 0.07706 -0.01604 -0.00597 0.00508 0.00505 -0.01156 0.99991
1518196921.693523520 0.07881 -0.01403 0.00371 0.00470 0.00458 -0.01317 0.99989
1518196921.703562580 0.08192 -0.01341 0.00334 0.00567 0.00582 -0.01313 0.99988
1518196921.713618486 0.08353 -0.01237 0.00258 0.00605 0.00670 -0.01156 0.99989
1518196921.723680006 0.08598 -0.00914 0.00107 0.00793 0.00606 -0.01212 0.99988
1518196921.733736112 0.08865 -0.00827 0.00055 0.00955 0.00763 -0.01294 0.99984
1518196921.743793452 0.09286 -0.00968 -0.00048 0.00860 0.00739 -0.01378 0.99984
1518196921.753858046 0.09523 -0.01043 0.00307 0.00854 0.00623 -0.01350 0.99985
1518196921.763915053 0.09588 -0.01264 0.00299 0.00936 0.00750 -0.01455 0.99982
1518196921.773985402 0.09504 -0.01269 0.00307 0.00974 0.00789 -0.01454 0.99982
1518196921.784038127 0.09315 -0.01306 0.00313 0.01058 0.01002 -0.01457 0.99979
1518196921.794098344 0.09088 -0.01094 0.01075 0.01065 0.01062 -0.01522 0.99977
1518196921.804158724 0.09190 -0.01110 0.00667 0.01170 0.01097 -0.01442 0.99977
1518196921.814215228 0.09489 -0.01077 0.01270 0.01188 0.01170 -0.01482 0.99975
1518196921.824289192 0.09947 -0.01309 0.01045 0.01180 0.01154 -0.01388 0.99977
1518196921.834355186 0.10309 -0.01310 0.00879 0.01054 0.00970 -0.01828 0.99973
1518196921.844411290 0.10497 -0.01710 0.00427 0.01079 0.00986 -0.01443 0.99979
1518196921.854469462 0.10635 -0.01682 0.00376 0.01035 0.01044 -0.01629 0.99976
1518196921.864531515 0.10759 -0.01642 0.00326 0.01176 0.00980 -0.01375 0.99979
1518196921.874639102 0.11033 -0.01542 0.00431 0.01228 0.00874 -0.01365 0.99979
1518196921.884641616 0.11180 -0.01772 0.00767 0.01265 0.00825 -0.01549 0.99977
1518196921.894675192 0.11374 -0.02063 -0.00078 0.01290 0.00900 -0.01347 0.99979
1518196921.904716832 0.11559 -0.01854 0.00025 0.01061 0.00854 -0.01176 0.99984
1518196921.914779004 0.11586 -0.01889 0.00861 0.01200 0.00796 -0.01122 0.99983
1518196921.924841634 0.11552 -0.01920 0.00491 0.01262 0.00861 -0.00767 0.99985
1518196921.934900932 0.11718 -0.01816 -0.00063 0.01148 0.00974 -0.00786 0.99986
1518196921.944975959 0.11704 -0.01590 0.00240 0.01351 0.01124 -0.01090 0.99979
1518196921.955066060 0.11800 -0.01120 0.00940 0.01371 0.01053 -0.01055 0.99979
1518196921.965109890 0.11628 -0.00858 0.00682 0.01451 0.01140 -0.00895 0.99979
1518196921.975170130 0.11590 -0.00969 0.00879 0.01289 0.01137 -0.01117 0.99979
1518196921.985230206 0.12282 -0.01174 0.00837 0.01377 0.01187 -0.00677 0.99981
1518196921.995288802 0.12380 -0.01396 -0.00714 0.01443 0.01005 -0.00550 0.99983
1518196922.005353285 0.12425 -0.01193 0.00460 0.01372 0.01041 -0.00869 0.99981
1518196922.015412891 0.11756 -0.00913 0.00402 0.01382 0.01153 -0.01019 0.99979
1518196922.025471098 0.11504 -0.01468 0.00580 0.01488 0.01338 -0.01045 0.99975
1518196922.035532447 0.11263 -0.01654 0.01189 0.01329 0.01309 -0.01296 0.99974
1518196922.045592671 0.10766 -0.01723 0.00856 0.01224 0.01377 -0.01449 0.99973
1518196922.055649623 0.10628 -0.01680 0.01583 0.01130 0.01538 -0.01344 0.99973
1518196922.065703054 0.10172 -0.01582 0.01491 0.01231 0.01541 -0.01460 0.99970
1518196922.075756650 0.10070 -0.01423 0.02015 0.01126 0.01596 -0.01432 0.99971
1518196922.085812477 0.09798 -0.01358 0.01605 0.01076 0.01571 -0.01644 0.99968
1518196922.095867320 0.09507 -0.01260 0.01289 0.01091 0.01506 -0.01482 0.99972
1518196922.105932481 0.09265 -0.01167 0.01595 0.01030 0.01342 -0.01573 0.99973
1518196922.115977204 0.09331 -0.01309 0.01552 0.00940 0.01213 -0.01650 0.99975
1518196922.125987757 0.09314 -0.01410 0.01581 0.00883 0.01114 -0.01654 0.99976
1518196922.136028600 0.09075 -0.01708 0.01302 0.00715 0.01059 -0.01982 0.99972
1518196922.146086067 0.08497 -0.01703 0.01455 0.00687 0.01064 -0.01685 0.99978
1518196922.151116730 0.07929 -0.01559 0.01630 0.00678 0.01060 -0.01751 0.99977
1518196922.166208806 0.07572 -0.01277 0.02285 0.00584 0.00881 -0.01698 0.99980
1518196922.171236499 0.07524 -0.01157 0.02411 0.00673 0.00955 -0.01874 0.99976
1518196922.181291640 0.07115 -0.01018 0.02753 0.00541 0.00717 -0.01823 0.99979
1518196922.191353753 0.06539 -0.01224 0.02393 0.00492 0.00768 -0.01889 0.99978
1518196922.201419168 0.05891 -0.01592 0.02217 0.00425 0.00806 -0.01816 0.99979
1518196922.211478074 0.05391 -0.01884 0.01597 0.00310 0.00833 -0.02165 0.99973
1518196922.221536832 0.05014 -0.01739 0.02091 0.00182 0.00752 -0.02264 0.99971
1518196922.231590738 0.04886 -0.01509 0.03194 0.00256 0.00650 -0.01997 0.99978
1518196922.241649669 0.04590 -0.01219 0.03449 0.00292 0.00488 -0.02063 0.99977
1518196922.251714308 0.04290 -0.01141 0.03471 0.00295 0.00381 -0.01967 0.99979
1518196922.261784085 0.04265 -0.01286 0.02628 0.00205 0.00160 -0.01945 0.99981
1518196922.271841690 0.03963 -0.01520 0.02559 0.00189 0.00107 -0.01897 0.99982
1518196922.281896548 0.03416 -0.01337 0.01882 0.00168 0.00210 -0.01929 0.99981
1518196922.291961022 0.02861 -0.00984 0.02272 0.00270 0.00346 -0.01810 0.99983
1518196922.302000408 0.02104 -0.00765 0.02770 0.00424 0.00339 -0.01823 0.99982
1518196922.312052753 0.01340 -0.00577 0.03040 0.00541 0.00532 -0.01791 0.99981
1518196922.322115577 0.00922 -0.00396 0.02589 0.00528 0.00486 -0.01770 0.99982
1518196922.332170762 0.00468 -0.00210 0.03182 0.00552 0.00470 -0.01906 0.99979
1518196922.342237077 0.00035 -0.00201 0.03077 0.00600 0.00439 -0.01709 0.99983
1518196922.352254541 -0.00376 -0.00437 0.03156 0.00532 0.00509 -0.01507 0.99986
1518196922.362277280 -0.00893 -0.00482 0.03708 0.00456 0.00498 -0.01879 0.99980
1518196922.372366958 -0.01536 -0.00577 0.03009 0.00417 0.00568 -0.01754 0.99982
1518196922.382419311 -0.02232 -0.00676 0.03266 0.00441 0.00687 -0.01814 0.99980
1518196922.392470887 -0.02733 -0.00715 0.03727 0.00374 0.00697 -0.01726 0.99982
1518196922.402524439 -0.03317 -0.00746 0.03690 0.00393 0.00640 -0.01644 0.99984
1518196922.412586042 -0.03803 -0.00726 0.03889 0.00425 0.00663 -0.01699 0.99982
1518196922.422650793 -0.04239 -0.00820 0.03956 0.00430 0.00625 -0.01521 0.99986
1518196922.432706345 -0.04697 -0.00861 0.04195 0.00438 0.00603 -0.01677 0.99983
1518196922.442761407 -0.05209 -0.00805 0.03460 0.00472 0.00517 -0.01589 0.99985
1518196922.452813852 -0.05378 -0.00973 0.03503 0.00539 0.00461 -0.01402 0.99988
1518196922.462862156 -0.05860 -0.01006 0.03641 0.00507 0.00313 -0.01470 0.99987
1518196922.472931587 -0.06466 -0.01266 0.03278 0.00467 0.00297 -0.01309 0.99990
1518196922.482968073 -0.06798 -0.01138 0.03989 0.00552 0.00245 -0.01267 0.99990
1518196922.493020259 -0.07387 -0.00873 0.04597 0.00507 0.00235 -0.01429 0.99988
1518196922.503072586 -0.08035 -0.00973 0.04345 0.00539 0.00178 -0.01461 0.99988
1518196922.513128494 -0.08578 -0.01228 0.03906 0.00463 0.00040 -0.01449 0.99988
1518196922.523189291 -0.09224 -0.01254 0.04242 0.00440 -0.00026 -0.01281 0.99991
1518196922.533248445 -0.09519 -0.01148 0.04230 0.00500 -0.00221 -0.01501 0.99987
1518196922.543299961 -0.10010 -0.01141 0.04002 0.00561 -0.00333 -0.01423 0.99988
1518196922.553355531 -0.10612 -0.01207 0.03831 0.00531 -0.00467 -0.01299 0.99989
1518196922.563416043 -0.11267 -0.01157 0.04180 0.00530 -0.00533 -0.01424 0.99987
1518196922.573476783 -0.11786 -0.01404 0.04435 0.00507 -0.00645 -0.01404 0.99987
1518196922.583530362 -0.12294 -0.01355 0.04430 0.00453 -0.00723 -0.01238 0.99989
1518196922.593588316 -0.13089 -0.01408 0.04491 0.00477 -0.00796 -0.01440 0.99985
1518196922.603677987 -0.13818 -0.01377 0.04548 0.00557 -0.00890 -0.01571 0.99982
1518196922.613735012 -0.14351 -0.01296 0.04705 0.00451 -0.00967 -0.01291 0.99986
1518196922.623787722 -0.14610 -0.01403 0.05248 0.00389 -0.01203 -0.01553 0.99980
1518196922.633839556 -0.15044 -0.01538 0.04943 0.00413 -0.01428 -0.01393 0.99979
1518196922.643892800 -0.15460 -0.01688 0.04231 0.00297 -0.01630 -0.01311 0.99978
1518196922.653993718 -0.15894 -0.01979 0.04603 0.00355 -0.01836 -0.01250 0.99975
1518196922.664053909 -0.16135 -0.01936 0.04340 0.00410 -0.02067 -0.01494 0.99967
1518196922.674112578 -0.16483 -0.01829 0.04037 0.00320 -0.02194 -0.01420 0.99965
1518196922.684166483 -0.16802 -0.01862 0.04410 0.00363 -0.02291 -0.01425 0.99963
1518196922.694219295 -0.17126 -0.01944 0.04264 0.00338 -0.02424 -0.01569 0.99958
1518196922.704274998 -0.17582 -0.01926 0.03603 0.00417 -0.02529 -0.01336 0.99958
1518196922.714332475 -0.18404 -0.02167 0.04038 0.00388 -0.02568 -0.01443 0.99956
1518196922.724393144 -0.18747 -0.02103 0.03935 0.00344 -0.02602 -0.01726 0.99951
1518196922.734471457 -0.18875 -0.02086 0.03987 0.00377 -0.02660 -0.01468 0.99953
1518196922.744523955 -0.18682 -0.02103 0.04210 0.00430 -0.03019 -0.01439 0.99943
1518196922.754579871 -0.18813 -0.02254 0.03690 0.00496 -0.03244 -0.01419 0.99936
1518196922.764635606 -0.19235 -0.02298 0.03783 0.00481 -0.03339 -0.01345 0.99934
1518196922.774689300 -0.19644 -0.02425 0.04040 0.00530 -0.03382 -0.01324 0.99933
1518196922.784741445 -0.20095 -0.02560 0.04156 0.00329 -0.03281 -0.01424 0.99935
1518196922.794794671 -0.20479 -0.02575 0.03921 0.00420 -0.03466 -0.01462 0.99928
1518196922.804855780 -0.20920 -0.02616 0.03871 0.00461 -0.03455 -0.01498 0.99928
1518196922.814916249 -0.20885 -0.02688 0.03650 0.00418 -0.03603 -0.01529 0.99922
1518196922.825187356 -0.20821 -0.02656 0.03578 0.00404 -0.03866 -0.01576 0.99912
1518196922.835242237 -0.21039 -0.02614 0.03591 0.00497 -0.03957 -0.01607 0.99908
1518196922.845298177 -0.21087 -0.02953 0.03720 0.00393 -0.04076 -0.01532 0.99904
1518196922.855333682 -0.21277 -0.02916 0.03231 0.00489 -0.04247 -0.01618 0.99895
1518196922.865389327 -0.21389 -0.02947 0.03217 0.00558 -0.04337 -0.01484 0.99893
1518196922.875447585 -0.21652 -0.02844 0.03341 0.00556 -0.04482 -0.01799 0.99882
1518196922.885501679 -0.21790 -0.03082 0.03112 0.00578 -0.04451 -0.01737 0.99884
1518196922.895562129 -0.22017 -0.03068 0.03312 0.00624 -0.04390 -0.01653 0.99888
1518196922.905616636 -0.22074 -0.02932 0.03076 0.00502 -0.04557 -0.01847 0.99878
1518196922.915672853 -0.22050 -0.02989 0.02528 0.00577 -0.04549 -0.01852 0.99878
1518196922.925729344 -0.22268 -0.03167 0.03152 0.00696 -0.04536 -0.01694 0.99880
1518196922.935782890 -0.22323 -0.03064 0.02265 0.00671 -0.04476 -0.01823 0.99881
1518196922.945846420 -0.22165 -0.03137 0.01715 0.00633 -0.04642 -0.01879 0.99873
1518196922.955953997 -0.22625 -0.03070 0.00863 0.00759 -0.04736 -0.02171 0.99861
1518196922.966010768 -0.22404 -0.03164 0.00603 0.00762 -0.04721 -0.01982 0.99866
1518196922.976062856 -0.22262 -0.03292 0.00326 0.00754 -0.05217 -0.02208 0.99837
1518196922.981090042 -0.22613 -0.03365 0.00956 0.00823 -0.05102 -0.02439 0.99837
1518196922.996156549 -0.22659 -0.03352 -0.00317 0.00926 -0.05084 -0.02117 0.99844
1518196923.001166126 -0.22955 -0.03505 -0.02007 0.01147 -0.05131 -0.01980 0.99842
1518196923.011175923 -0.22915 -0.03762 -0.01925 0.01113 -0.05209 -0.01837 0.99841
1518196923.021182479 -0.22670 -0.03687 -0.01715 0.01191 -0.05217 -0.01752 0.99841
1518196923.031200646 -0.21848 -0.04115 -0.01277 0.01168 -0.05267 -0.01701 0.99840
1518196923.041219211 -0.21186 -0.03828 -0.00366 0.01096 -0.05291 -0.01720 0.99839
1518196923.056291362 -0.20541 -0.03365 0.00635 0.01112 -0.05172 -0.02173 0.99836
1518196923.061322868 -0.20690 -0.03276 0.01603 0.01218 -0.05268 -0.02079 0.99832
1518196923.071384394 -0.20797 -0.03286 0.01518 0.01152 -0.05094 -0.02334 0.99836
1518196923.081439292 -0.20938 -0.03329 0.01102 0.01215 -0.05152 -0.02446 0.99830
1518196923.091501595 -0.21279 -0.03314 0.00690 0.01204 -0.05070 -0.02348 0.99837
1518196923.101566347 -0.21565 -0.03492 0.00773 0.01191 -0.04932 -0.02415 0.99842
1518196923.111628417 -0.21435 -0.03967 0.01227 0.01149 -0.04759 -0.02227 0.99855
1518196923.121689562 -0.21329 -0.04075 0.00286 0.01253 -0.04720 -0.02309 0.99854
1518196923.131745985 -0.21027 -0.04100 -0.00946 0.01231 -0.04866 -0.02387 0.99845
1518196923.141803249 -0.20513 -0.03947 -0.01405 0.01179 -0.04814 -0.02437 0.99847
1518196923.151899099 -0.20102 -0.04039 -0.00857 0.01167 -0.04783 -0.02722 0.99842
1518196923.161953380 -0.19775 -0.03978 0.00123 0.01081 -0.04649 -0.02609 0.99852
1518196923.172011648 -0.19614 -0.04029 -0.00242 0.01151 -0.04623 -0.02831 0.99846
1518196923.182064961 -0.19403 -0.04053 -0.00547 0.01184 -0.04603 -0.02730 0.99850
1518196923.192118459 -0.19065 -0.04380 -0.00346 0.01185 -0.04593 -0.02630 0.99853
1518196923.202175740 -0.18679 -0.04319 0.00557 0.01204 -0.04477 -0.02321 0.99865
1518196923.212238520 -0.18582 -0.03838 0.00876 0.01300 -0.04534 -0.02544 0.99856
1518196923.222268750 -0.17955 -0.03584 0.00408 0.01493 -0.04380 -0.02548 0.99860
1518196923.232328151 -0.17618 -0.03483 -0.00275 0.01517 -0.04404 -0.02585 0.99858
1518196923.242383732 -0.17274 -0.03807 -0.00815 0.01514 -0.04361 -0.02580 0.99860
1518196923.252443950 -0.17057 -0.03923 -0.00115 0.01560 -0.04291 -0.02519 0.99864
1518196923.262514979 -0.16758 -0.03840 -0.00018 0.01465 -0.04191 -0.02624 0.99867
1518196923.272578163 -0.16336 -0.04029 -0.00392 0.01447 -0.04116 -0.02553 0.99872
1518196923.282628558 -0.15825 -0.03863 -0.00572 0.01358 -0.04026 -0.02570 0.99877
1518196923.292682529 -0.15378 -0.03695 -0.00739 0.01518 -0.04034 -0.02640 0.99872
1518196923.302742242 -0.14748 -0.03710 -0.00618 0.01569 -0.04068 -0.02583 0.99872
1518196923.312803540 -0.14254 -0.03541 -0.00359 0.01709 -0.03993 -0.02550 0.99873
1518196923.322867493 -0.13774 -0.03518 -0.00540 0.01750 -0.03961 -0.02477 0.99875
1518196923.332914389 -0.13602 -0.03527 0.00352 0.01754 -0.03885 -0.02478 0.99878
1518196923.342969160 -0.13221 -0.03579 0.00445 0.01791 -0.03731 -0.02476 0.99884
1518196923.353034084 -0.12882 -0.03750 0.00562 0.01786 -0.03698 -0.02052 0.99895
1518196923.363098017 -0.12413 -0.03672 0.00401 0.01760 -0.03605 -0.02171 0.99896
1518196923.373159182 -0.11970 -0.03484 0.00694 0.01809 -0.03397 -0.02336 0.99899
1518196923.383214262 -0.11744 -0.03581 0.00828 0.01852 -0.03233 -0.02295 0.99904
1518196923.393273375 -0.11527 -0.03855 0.00489 0.01858 -0.03054 -0.02162 0.99913
1518196923.403334474 -0.10890 -0.03850 0.00546 0.01817 -0.02941 -0.02446 0.99910
1518196923.413398195 -0.10334 -0.03745 0.00726 0.01964 -0.02887 -0.02256 0.99914
1518196923.423457816 -0.09771 -0.03837 0.00848 0.01943 -0.02862 -0.02342 0.99913
1518196923.433511714 -0.09377 -0.03801 0.00479 0.02066 -0.02811 -0.02036 0.99918
1518196923.443569935 -0.09018 -0.03758 0.00357 0.02129 -0.02688 -0.02218 0.99917
1518196923.453633399 -0.08356 -0.03778 0.00059 0.02221 -0.02682 -0.01964 0.99920
1518196923.463698191 -0.07706 -0.03624 0.00333 0.02264 -0.02615 -0.02138 0.99917
1518196923.473762800 -0.07281 -0.03590 0.00130 0.02384 -0.02665 -0.02164 0.99913
1518196923.483858956 -0.06807 -0.03565 -0.00160 0.02476 -0.02592 -0.02132 0.99913
1518196923.493895149 -0.06654 -0.03714 -0.00168 0.02523 -0.02528 -0.02116 0.99914
1518196923.503953111 -0.06082 -0.03702 0.00215 0.02484 -0.02380 -0.02408 0.99912
1518196923.514010379 -0.05659 -0.03690 0.00086 0.02448 -0.02403 -0.02528 0.99909
1518196923.524051810 -0.05215 -0.03651 -0.00059 0.02473 -0.02355 -0.02599 0.99908
1518196923.534103593 -0.04830 -0.03858 -0.00145 0.02523 -0.02404 -0.02702 0.99903
1518196923.544155191 -0.04321 -0.03960 -0.00343 0.02516 -0.02360 -0.02531 0.99908
1518196923.554215077 -0.04008 -0.04003 -0.00540 0.02401 -0.02381 -0.02728 0.99906
1518196923.564279680 -0.03720 -0.04091 0.00042 0.02459 -0.02388 -0.03138 0.99892
1518196923.574344823 -0.03434 -0.04169 -0.00126 0.02430 -0.02334 -0.03128 0.99894
1518196923.584389555 -0.03098 -0.04129 -0.00389 0.02432 -0.02252 -0.03073 0.99898
1518196923.594445587 -0.02780 -0.04027 -0.00077 0.02503 -0.02324 -0.03128 0.99893
1518196923.604513893 -0.02255 -0.04079 -0.00428 0.02522 -0.02248 -0.03298 0.99888
1518196923.614574387 -0.01880 -0.04062 -0.00241 0.02509 -0.02293 -0.03643 0.99876
1518196923.624630405 -0.01689 -0.04007 0.00148 0.02581 -0.02217 -0.03688 0.99874
1518196923.634682078 -0.01337 -0.03910 -0.00296 0.02571 -0.02128 -0.03808 0.99872
1518196923.644734792 -0.01090 -0.04119 -0.00419 0.02618 -0.02229 -0.03795 0.99869
1518196923.654796414 -0.00845 -0.04018 -0.00437 0.02581 -0.02181 -0.03920 0.99866
1518196923.664908338 -0.01089 -0.03985 0.00601 0.02577 -0.02203 -0.04244 0.99852
1518196923.674968492 -0.01189 -0.03694 0.00697 0.02632 -0.02026 -0.04394 0.99848
1518196923.685021657 -0.01094 -0.03532 0.00187 0.02810 -0.02050 -0.04397 0.99843
1518196923.695082370 -0.00712 -0.03519 -0.00213 0.02717 -0.02043 -0.04691 0.99832
1518196923.705138214 -0.00501 -0.03373 -0.00620 0.02714 -0.02064 -0.04625 0.99835
1518196923.715192954 -0.00360 -0.03277 0.00078 0.02885 -0.02135 -0.04800 0.99820
1518196923.725243696 -0.00266 -0.02975 -0.00308 0.02931 -0.02054 -0.04835 0.99819
1518196923.735295169 0.00134 -0.02589 0.00116 0.03048 -0.01967 -0.05096 0.99804
1518196923.745352500 0.00207 -0.02394 0.00061 0.03222 -0.02019 -0.05207 0.99792
1518196923.755413238 0.00424 -0.02206 0.00543 0.03348 -0.02085 -0.05109 0.99791
1518196923.765474836 0.00590 -0.01890 0.00328 0.03295 -0.02159 -0.05523 0.99770
1518196923.775532311 0.00405 -0.01643 0.00556 0.03437 -0.02118 -0.05440 0.99770
1518196923.785587499 0.00977 -0.01598 -0.00420 0.03547 -0.02155 -0.05121 0.99783
1518196923.795647074 0.01133 -0.01169 -0.00151 0.03802 -0.02177 -0.05238 0.99767
1518196923.805712404 0.01280 -0.00541 -0.00348 0.03969 -0.02173 -0.05325 0.99756
1518196923.815778664 0.01305 -0.00021 -0.00719 0.04048 -0.02196 -0.05194 0.99759
1518196923.825877341 0.00970 -0.00027 -0.00339 0.04174 -0.02308 -0.05405 0.99740
1518196923.835932793 0.01081 0.00172 0.00218 0.04204 -0.02218 -0.05598 0.99730
1518196923.845995919 0.01204 0.00217 -0.00091 0.04074 -0.02320 -0.05536 0.99737
1518196923.856057221 0.01539 0.00460 0.00280 0.04128 -0.02485 -0.05716 0.99720
1518196923.866118074 0.01995 0.00556 0.00754 0.04075 -0.02574 -0.05765 0.99717
1518196923.871148014 0.02326 0.01170 0.00601 0.04075 -0.02706 -0.05976 0.99701
1518196923.881203775 0.02305 0.01587 0.00561 0.04238 -0.02886 -0.05793 0.99700
1518196923.891260993 0.02166 0.01779 0.01183 0.04090 -0.02837 -0.05879 0.99703
1518196923.901323855 0.01779 0.01754 0.00709 0.04101 -0.02847 -0.05715 0.99712
1518196923.911391130 0.01611 0.01819 0.00556 0.03998 -0.02858 -0.05593 0.99722
1518196923.921412794 0.01356 0.02093 0.00575 0.03949 -0.02839 -0.05741 0.99717
1518196923.931428893 0.01582 0.02611 0.00864 0.03946 -0.02836 -0.05556 0.99727
1518196923.941442083 0.01925 0.03151 0.00331 0.03994 -0.02979 -0.05418 0.99729
1518196923.951459784 0.02304 0.03678 -0.00014 0.04143 -0.03036 -0.05478 0.99718
1518196923.961521827 0.02156 0.04094 0.00686 0.04078 -0.02996 -0.05181 0.99737
1518196923.971575602 0.02340 0.04453 0.00180 0.04058 -0.03003 -0.05197 0.99737
1518196923.981627208 0.02611 0.04745 0.00501 0.03995 -0.03073 -0.05405 0.99727
1518196923.991681079 0.02721 0.04996 0.00993 0.03936 -0.03224 -0.05451 0.99722
1518196924.001739384 0.02893 0.05368 0.01022 0.03916 -0.03198 -0.05128 0.99740
1518196924.011808855 0.02959 0.05952 0.00770 0.04036 -0.03225 -0.04846 0.99749
1518196924.021866045 0.02812 0.06504 0.00919 0.04037 -0.03211 -0.04758 0.99753
1518196924.031919500 0.02754 0.06818 0.01153 0.04045 -0.03190 -0.04568 0.99763
1518196924.041974528 0.03040 0.07060 0.01008 0.03954 -0.03155 -0.04562 0.99768
1518196924.052031695 0.03350 0.07378 0.01591 0.03852 -0.03241 -0.04263 0.99782
1518196924.062088525 0.03416 0.07844 0.01569 0.03889 -0.03311 -0.04265 0.99778
1518196924.072147306 0.03227 0.08372 0.01470 0.03913 -0.03352 -0.04293 0.99775
1518196924.082200998 0.03260 0.08801 0.01188 0.03862 -0.03210 -0.04113 0.99789
1518196924.092270050 0.03399 0.09133 0.01468 0.03786 -0.03242 -0.04022 0.99795
1518196924.102322946 0.03455 0.09427 0.01776 0.03768 -0.03223 -0.03848 0.99803
1518196924.112382672 0.03603 0.09782 0.01667 0.03673 -0.03276 -0.03668 0.99811
1518196924.122439931 0.03508 0.10193 0.02123 0.03676 -0.03330 -0.03560 0.99813
1518196924.132494345 0.03550 0.10475 0.02243 0.03478 -0.03205 -0.03505 0.99827
1518196924.142547330 0.03645 0.10648 0.02594 0.03434 -0.03196 -0.03344 0.99834
1518196924.152613160 0.03546 0.10933 0.02460 0.03200 -0.03246 -0.03149 0.99846
1518196924.162676314 0.03383 0.10968 0.02765 0.03083 -0.03288 -0.03297 0.99844
1518196924.172743815 0.03660 0.11292 0.02279 0.03026 -0.03262 -0.03123 0.99852
1518196924.182767876 0.03751 0.11588 0.01827 0.02950 -0.03255 -0.02974 0.99859
1518196924.192827422 0.03491 0.11976 0.02329 0.02904 -0.03246 -0.02971 0.99861
1518196924.202892150 0.03364 0.11987 0.03266 0.02898 -0.03337 -0.02714 0.99865
1518196924.212951027 0.03341 0.12286 0.02983 0.02689 -0.03217 -0.03028 0.99866
1518196924.223016539 0.03012 0.12536 0.02746 0.02536 -0.03273 -0.02992 0.99869
1518196924.233073696 0.03215 0.12558 0.02932 0.02513 -0.03159 -0.02844 0.99878
1518196924.243127877 0.03182 0.12740 0.03400 0.02489 -0.03262 -0.02687 0.99880
1518196924.253183819 0.03475 0.13045 0.03138 0.02484 -0.03084 -0.02656 0.99886
1518196924.263246996 0.03335 0.13152 0.03050 0.02395 -0.03196 -0.02551 0.99888
1518196924.273309478 0.03000 0.13214 0.02944 0.02335 -0.03193 -0.02583 0.99888
1518196924.283362476 0.02726 0.13203 0.03056 0.02171 -0.03252 -0.02624 0.99889
1518196924.293417175 0.02531 0.13329 0.03270 0.02107 -0.03175 -0.02553 0.99895
1518196924.303472685 0.02630 0.13420 0.03694 0.02148 -0.03241 -0.02606 0.99890
1518196924.313526902 0.02642 0.13624 0.03249 0.02122 -0.03234 -0.02463 0.99895
1518196924.323582874 0.02647 0.13739 0.02902 0.02091 -0.03325 -0.02589 0.99889
1518196924.333635130 0.03209 0.13679 0.03152 0.02102 -0.03385 -0.02534 0.99888
1518196924.343688695 0.03234 0.13723 0.03682 0.01967 -0.03411 -0.02163 0.99899
1518196924.353743655 0.03269 0.13350 0.03513 0.02049 -0.03559 -0.02296 0.99889
1518196924.363810246 0.02883 0.13447 0.04313 0.02010 -0.03656 -0.02307 0.99886
1518196924.373854098 0.03046 0.13708 0.03134 0.02024 -0.03353 -0.02723 0.99886
1518196924.383906472 0.03052 0.14120 0.02984 0.02162 -0.03435 -0.02256 0.99892
1518196924.393942627 0.03095 0.13932 0.03995 0.02253 -0.03501 -0.02419 0.99884
1518196924.403997315 0.03192 0.13974 0.03098 0.02263 -0.03594 -0.02010 0.99890
1518196924.414051146 0.03019 0.13733 0.03162 0.02309 -0.03666 -0.01945 0.99887
1518196924.424095098 0.02783 0.13506 0.03458 0.02358 -0.03729 -0.01979 0.99883
1518196924.434106303 0.02712 0.13319 0.02963 0.02336 -0.03739 -0.01980 0.99883
1518196924.444127684 0.02885 0.13020 0.02310 0.02384 -0.03765 -0.01902 0.99883
1518196924.454164600 0.02853 0.12748 0.02176 0.02394 -0.03764 -0.02048 0.99879
1518196924.464175670 0.02643 0.12187 0.02783 0.02439 -0.03868 -0.01795 0.99879
1518196924.474213865 0.02559 0.11957 0.02503 0.02447 -0.03833 -0.01743 0.99881
1518196924.484268595 0.02723 0.11732 0.02215 0.02578 -0.03923 -0.01618 0.99877
1518196924.494321588 0.02761 0.11550 0.02321 0.02682 -0.04097 -0.01657 0.99866
1518196924.504380479 0.02767 0.11241 0.02320 0.02821 -0.04040 -0.01282 0.99870
1518196924.514445408 0.02619 0.10790 0.01794 0.02931 -0.04158 -0.01317 0.99862
1518196924.524506718 0.02462 0.10378 0.01416 0.02954 -0.04174 -0.01290 0.99861
1518196924.534566597 0.02182 0.10212 0.01797 0.03151 -0.04140 -0.01295 0.99856
1518196924.544620397 0.02188 0.09809 0.01327 0.03244 -0.04289 -0.01165 0.99849
1518196924.554680516 0.02135 0.09537 0.01806 0.03369 -0.04202 -0.01205 0.99848
1518196924.564742467 0.01949 0.09231 0.01273 0.03499 -0.04251 -0.01336 0.99839
1518196924.574848638 0.01782 0.08846 0.01092 0.03713 -0.04213 -0.01101 0.99836
1518196924.584902257 0.01626 0.08563 0.00836 0.03765 -0.04272 -0.01164 0.99831
1518196924.594957851 0.01514 0.08071 0.00807 0.03860 -0.04306 -0.01146 0.99826
1518196924.605016041 0.01466 0.07538 0.01090 0.04027 -0.04418 -0.01058 0.99816
1518196924.615074805 0.01005 0.07193 0.00997 0.04174 -0.04514 -0.01322 0.99802
1518196924.625139204 0.01003 0.07023 0.00713 0.04340 -0.04565 -0.01128 0.99795
1518196924.635193164 0.00612 0.06822 0.00101 0.04569 -0.04748 -0.01188 0.99776
1518196924.645246597 0.00242 0.06470 0.00463 0.04664 -0.04725 -0.01339 0.99770
1518196924.655302903 -0.00028 0.06189 0.00564 0.04774 -0.04669 -0.01456 0.99766
1518196924.665357134 -0.00492 0.05726 0.00608 0.04944 -0.04757 -0.01319 0.99756
1518196924.675422690 -0.00285 0.05356 -0.00173 0.05006 -0.04793 -0.01114 0.99753
1518196924.685453850 0.00199 0.04988 -0.00418 0.05127 -0.05039 -0.00907 0.99737
1518196924.695472664 0.00114 0.04647 -0.00345 0.05220 -0.05200 -0.01022 0.99723
1518196924.705488561 -0.00453 0.04604 -0.00817 0.05300 -0.04973 -0.01196 0.99728
1518196924.715493988 -0.01004 0.04383 -0.00735 0.05419 -0.04918 -0.01281 0.99724
1518196924.725507613 -0.00980 0.04104 -0.01024 0.05557 -0.04941 -0.00972 0.99718
1518196924.732279096 -0.00846 0.03843 -0.01153 0.05607 -0.05037 -0.00990 0.99711
1518196924.742323351 -0.00955 0.03554 -0.00730 0.05713 -0.05100 -0.00712 0.99704
1518196924.752380260 -0.01213 0.03476 -0.01138 0.05727 -0.04910 -0.00743 0.99712
1518196924.762433893 -0.01680 0.03130 -0.01122 0.05841 -0.04699 -0.00713 0.99716
1518196924.772495810 -0.01641 0.02812 -0.01279 0.05718 -0.04723 -0.00730 0.99722
1518196924.782550462 -0.01530 0.02417 -0.00789 0.05723 -0.04829 -0.00609 0.99717
1518196924.791612350 -0.01730 0.02098 -0.00891 0.05711 -0.04730 -0.00664 0.99722
1518196924.801655883 -0.01978 0.01633 -0.00819 0.05686 -0.04610 -0.00384 0.99731
1518196924.811709821 -0.02407 0.01360 -0.00512 0.05481 -0.04511 -0.00369 0.99747
1518196924.821790021 -0.02190 0.00855 -0.01006 0.05530 -0.04337 -0.00012 0.99753
1518196924.831845048 -0.01866 0.00602 -0.02012 0.05514 -0.04603 -0.00112 0.99742
1518196924.841902190 -0.01635 0.00392 -0.01692 0.05542 -0.04579 -0.00302 0.99741
1518196924.851967853 -0.02009 0.00449 -0.01671 0.05622 -0.04398 -0.00202 0.99745
1518196924.862027613 -0.02788 0.00554 -0.00669 0.05562 -0.04301 -0.00541 0.99751
1518196924.867056753 -0.03303 0.00537 -0.00982 0.05633 -0.04190 -0.00050 0.99753
1518196924.881300548 -0.03353 0.00269 -0.00693 0.05501 -0.03772 0.00323 0.99777
1518196924.891355031 -0.03741 0.00129 -0.00731 0.05585 -0.03722 0.00279 0.99774
1518196924.901413379 -0.04135 0.00157 -0.00537 0.05586 -0.03538 0.00316 0.99781
1518196924.911475096 -0.04266 -0.00137 0.00340 0.05646 -0.03497 0.00222 0.99779
1518196924.921538048 -0.04293 -0.00454 -0.00987 0.05653 -0.03494 0.00593 0.99777
1518196924.931592467 -0.04079 -0.00491 -0.02366 0.05628 -0.03473 0.00610 0.99779
1518196924.941647490 -0.03867 -0.00905 -0.01498 0.05619 -0.03594 0.01036 0.99772
1518196924.951711245 -0.04071 -0.00930 -0.00910 0.05603 -0.03626 0.00937 0.99773
1518196924.961793509 -0.04384 -0.00835 -0.00655 0.05697 -0.03531 0.01188 0.99768
1518196924.975506052 -0.04330 -0.00902 -0.01872 0.05766 -0.03498 0.01494 0.99761
1518196924.985565589 -0.03880 -0.01101 -0.02050 0.05775 -0.03642 0.01569 0.99754
1518196924.995624319 -0.03817 -0.01238 -0.01831 0.05640 -0.03839 0.01493 0.99756
1518196925.005683906 -0.04523 -0.01629 -0.01007 0.05609 -0.03701 0.01546 0.99762
1518196925.015752688 -0.05282 -0.01763 -0.00898 0.05730 -0.03414 0.01701 0.99763
1518196925.025762623 -0.05718 -0.01519 -0.00982 0.05847 -0.03297 0.01464 0.99764
1518196925.033319135 -0.05887 -0.01478 -0.01835 0.05930 -0.03272 0.01613 0.99757
1518196925.043378715 -0.06192 -0.01553 -0.02081 0.05896 -0.03325 0.01465 0.99760
1518196925.053440345 -0.06578 -0.01814 -0.01100 0.05860 -0.03397 0.01569 0.99758
1518196925.063497496 -0.07306 -0.02366 0.00378 0.05942 -0.03290 0.01854 0.99752
1518196925.073559499 -0.08255 -0.02379 0.00047 0.06001 -0.03191 0.02036 0.99748
1518196925.083620509 -0.08888 -0.02277 -0.00755 0.05992 -0.03078 0.01823 0.99756
1518196925.093681926 -0.09215 -0.02310 -0.01733 0.06038 -0.03037 0.01458 0.99761
1518196925.103758065 -0.09443 -0.02797 -0.01713 0.06056 -0.03135 0.01625 0.99754
1518196925.113814849 -0.10096 -0.03159 -0.01408 0.05898 -0.03159 0.01427 0.99766
1518196925.123869127 -0.10105 -0.03455 -0.02541 0.05912 -0.03182 0.01510 0.99763
1518196925.133921282 -0.10564 -0.03739 -0.03392 0.06019 -0.03187 0.01621 0.99755
1518196925.138948497 -0.11078 -0.03970 -0.03341 0.05888 -0.03134 0.01616 0.99764
1518196925.152253175 -0.11450 -0.04237 -0.01662 0.05845 -0.03214 0.01552 0.99765
1518196925.162307967 -0.11680 -0.04187 -0.00719 0.05961 -0.03245 0.01857 0.99752
1518196925.172361095 -0.11674 -0.04013 -0.01715 0.06110 -0.03401 0.01964 0.99736
1518196925.182412852 -0.11404 -0.03991 -0.02801 0.06079 -0.03820 0.01805 0.99726
1518196925.192465543 -0.11625 -0.04241 -0.03010 0.06112 -0.03946 0.02087 0.99713
1518196925.202522831 -0.11847 -0.04490 -0.02359 0.05974 -0.03888 0.01639 0.99732
1518196925.213697101 -0.12576 -0.04920 -0.00777 0.06022 -0.03781 0.01816 0.99730
1518196925.223818111 -0.13238 -0.05202 -0.00905 0.06214 -0.03637 0.01963 0.99721
1518196925.233850902 -0.13378 -0.05030 -0.03038 0.06232 -0.03629 0.01733 0.99725
1518196925.243904371 -0.13287 -0.05131 -0.03480 0.06209 -0.03720 0.01712 0.99723
1518196925.253966861 -0.13638 -0.05156 -0.02456 0.06131 -0.03900 0.01888 0.99718
1518196925.269054022 -0.14002 -0.05160 -0.02895 0.06258 -0.04086 0.01941 0.99701
1518196925.282239159 -0.14244 -0.04781 -0.03594 0.06411 -0.04479 0.02008 0.99673
1518196925.292275185 -0.14324 -0.04460 -0.03913 0.06547 -0.04648 0.01814 0.99661
1518196925.302288431 -0.14554 -0.04267 -0.03422 0.06591 -0.04878 0.01702 0.99649
1518196925.312302246 -0.14729 -0.04145 -0.02398 0.06638 -0.04966 0.01684 0.99642
1518196925.322315703 -0.14842 -0.04061 -0.02430 0.06753 -0.04992 0.01959 0.99628
1518196925.332353086 -0.14545 -0.03967 -0.03325 0.06918 -0.05334 0.02305 0.99591
1518196925.342405964 -0.14121 -0.04132 -0.03493 0.06850 -0.05574 0.02512 0.99578
1518196925.352459282 -0.14154 -0.04183 -0.03967 0.06714 -0.05828 0.02484 0.99573
1518196925.362516298 -0.14491 -0.04286 -0.03227 0.06692 -0.06023 0.02363 0.99566
1518196925.372571442 -0.15084 -0.04103 -0.03771 0.06642 -0.06075 0.02157 0.99571
1518196925.382623267 -0.15257 -0.03897 -0.03881 0.06513 -0.06174 0.02032 0.99576
1518196925.392675133 -0.15235 -0.03746 -0.03531 0.06497 -0.06265 0.01900 0.99574
1518196925.403090895 -0.15209 -0.03993 -0.03581 0.06513 -0.06435 0.02063 0.99559
1518196925.413146328 -0.15453 -0.04167 -0.02826 0.06462 -0.06670 0.02253 0.99542
1518196925.423213342 -0.15930 -0.03784 -0.02686 0.06420 -0.06657 0.02162 0.99548
1518196925.433267733 -0.16434 -0.03703 -0.01678 0.06446 -0.06573 0.02309 0.99549
1518196925.443324587 -0.17307 -0.03569 -0.01240 0.06502 -0.06688 0.02503 0.99533
1518196925.453366326 -0.17393 -0.03046 -0.01196 0.06514 -0.06596 0.02067 0.99548
1518196925.464207251 -0.17729 -0.02800 -0.00277 0.06476 -0.06608 0.02131 0.99548
1518196925.474267799 -0.17807 -0.02494 -0.00577 0.06532 -0.06638 0.02049 0.99544
1518196925.484322380 -0.17972 -0.02364 -0.00870 0.06508 -0.06666 0.02042 0.99544
1518196925.494383476 -0.17829 -0.02274 -0.00331 0.06427 -0.06786 0.02121 0.99540
1518196925.504441349 -0.17612 -0.02096 -0.00528 0.06314 -0.06819 0.01810 0.99551
1518196925.514495273 -0.17399 -0.01997 -0.00327 0.06250 -0.06708 0.01891 0.99561
1518196925.524551262 -0.17513 -0.01913 -0.00328 0.06215 -0.06886 0.02107 0.99547
1518196925.534622232 -0.17552 -0.01830 -0.00156 0.06128 -0.06866 0.02070 0.99554
1518196925.541726758 -0.17612 -0.01533 -0.00405 0.06145 -0.06873 0.02083 0.99552
1518196925.551778802 -0.17565 -0.01359 0.00038 0.06095 -0.06834 0.02044 0.99559
1518196925.561828751 -0.17342 -0.01232 -0.00293 0.06009 -0.06855 0.02149 0.99560
1518196925.571885462 -0.16988 -0.01046 -0.00310 0.05949 -0.06987 0.01941 0.99559
1518196925.581944506 -0.16432 -0.00900 -0.00333 0.05761 -0.07155 0.01964 0.99558
1518196925.591999540 -0.16185 -0.00768 -0.00386 0.05715 -0.07258 0.01827 0.99556
1518196925.602053285 -0.15930 -0.00685 0.00166 0.05666 -0.07261 0.01921 0.99556
1518196925.613157458 -0.15780 -0.00330 0.00751 0.05604 -0.07293 0.01880 0.99558
1518196925.623214208 -0.15553 -0.00051 0.00356 0.05632 -0.07188 0.01895 0.99564
1518196925.633268330 -0.15032 0.00035 -0.00156 0.05526 -0.07172 0.01758 0.99574
1518196925.643322825 -0.14378 -0.00126 -0.00762 0.05395 -0.07156 0.01790 0.99582
1518196925.653384040 -0.14224 -0.00194 -0.00618 0.05212 -0.07203 0.01908 0.99586
1518196925.663446004 -0.13841 0.00108 -0.00211 0.05135 -0.07160 0.01737 0.99596
1518196925.673502571 -0.13226 0.00584 -0.00300 0.05238 -0.07158 0.01749 0.99591
1518196925.683555970 -0.12831 0.00879 -0.00994 0.05183 -0.07062 0.01561 0.99603
1518196925.693616157 -0.12338 0.00808 -0.01674 0.05074 -0.06982 0.01710 0.99612
1518196925.703734554 -0.11622 0.00542 -0.01670 0.04881 -0.06942 0.01723 0.99624
1518196925.713782924 -0.11202 0.00535 -0.02122 0.04764 -0.06816 0.01545 0.99642
1518196925.723843574 -0.11100 0.00764 -0.01761 0.04644 -0.06745 0.01564 0.99652
1518196925.733906621 -0.10448 0.01176 -0.01791 0.04750 -0.06698 0.01624 0.99649
1518196925.743942122 -0.09949 0.01355 -0.01739 0.04720 -0.06741 0.01617 0.99648
1518196925.753994045 -0.09367 0.01363 -0.01631 0.04645 -0.06676 0.01666 0.99655
1518196925.764068438 -0.09175 0.01551 -0.01585 0.04641 -0.06468 0.01726 0.99668
1518196925.774120826 -0.08760 0.01720 -0.02051 0.04550 -0.06276 0.01666 0.99685
1518196925.784173261 -0.08408 0.01808 -0.02377 0.04436 -0.06096 0.01540 0.99704
1518196925.794231216 -0.08048 0.01569 -0.02392 0.04317 -0.05965 0.01473 0.99718
1518196925.804286710 -0.07510 0.01589 -0.02728 0.04232 -0.05762 0.01386 0.99734
1518196925.814343816 -0.06905 0.01742 -0.02668 0.04149 -0.05771 0.01297 0.99739
1518196925.824404231 -0.06325 0.01943 -0.03261 0.04149 -0.05732 0.01370 0.99740
1518196925.834457340 -0.05674 0.02076 -0.03180 0.04132 -0.05711 0.01197 0.99744
1518196925.844511418 -0.05318 0.02032 -0.02814 0.03937 -0.05471 0.01244 0.99765
1518196925.854573565 -0.04880 0.01965 -0.03235 0.03789 -0.05367 0.01229 0.99776
1518196925.864637903 -0.04518 0.02009 -0.03027 0.03820 -0.05285 0.01175 0.99780
1518196925.874726676 -0.03903 0.01943 -0.03223 0.03729 -0.05248 0.01175 0.99786
1518196925.884780196 -0.03256 0.01974 -0.03041 0.03693 -0.05199 0.01092 0.99790
1518196925.894839916 -0.02615 0.02132 -0.03791 0.03599 -0.05139 0.01268 0.99795
1518196925.904901542 -0.02080 0.02186 -0.03667 0.03585 -0.05060 0.01434 0.99797
1518196925.914960922 -0.01459 0.02342 -0.03869 0.03621 -0.04990 0.01307 0.99801
1518196925.925023032 -0.01265 0.02607 -0.03587 0.03663 -0.04867 0.01426 0.99804
1518196925.935078745 -0.00629 0.02947 -0.03559 0.03770 -0.04695 0.01512 0.99807
1518196925.945133743 -0.00175 0.02992 -0.04175 0.03730 -0.04736 0.01329 0.99809
1518196925.955185166 0.00495 0.02895 -0.04165 0.03562 -0.04622 0.01299 0.99821
1518196925.965200685 0.00981 0.02776 -0.04593 0.03504 -0.04552 0.01286 0.99827
1518196925.975237955 0.01543 0.02813 -0.04669 0.03422 -0.04458 0.01340 0.99833
1518196925.985290761 0.01845 0.02746 -0.04414 0.03429 -0.04300 0.01161 0.99842
1518196925.995343443 0.02333 0.02526 -0.04584 0.03395 -0.04313 0.01118 0.99843
1518196926.005397979 0.03118 0.02489 -0.05200 0.03350 -0.04339 0.01113 0.99843
1518196926.015453766 0.03610 0.02552 -0.04838 0.03389 -0.04312 0.01056 0.99844
1518196926.025507498 0.03848 0.02753 -0.04652 0.03452 -0.04243 0.01007 0.99845
1518196926.035560617 0.04267 0.03079 -0.04929 0.03521 -0.04118 0.00884 0.99849
1518196926.045613691 0.04615 0.02951 -0.04859 0.03517 -0.04074 0.00863 0.99851
1518196926.055673927 0.05052 0.02755 -0.04740 0.03454 -0.04083 0.00826 0.99853
1518196926.065709684 0.05414 0.02805 -0.05437 0.03447 -0.03985 0.00615 0.99859
1518196926.075763221 0.05867 0.02735 -0.05466 0.03432 -0.04004 0.00711 0.99858
1518196926.085816408 0.06103 0.02665 -0.05554 0.03378 -0.04038 0.00528 0.99860
1518196926.095869428 0.06606 0.02405 -0.05377 0.03383 -0.04133 0.00387 0.99857
1518196926.105922449 0.06799 0.02218 -0.05626 0.03370 -0.04083 0.00425 0.99859
1518196926.113720886 0.07117 0.02166 -0.06043 0.03338 -0.04065 0.00315 0.99861
1518196926.123774246 0.07351 0.02060 -0.05812 0.03322 -0.04141 0.00301 0.99859
1518196926.133824181 0.07510 0.01872 -0.05728 0.03274 -0.04124 0.00190 0.99861
1518196926.143878602 0.07860 0.01619 -0.05498 0.03119 -0.04255 -0.00056 0.99861
1518196926.153934621 0.07811 0.01374 -0.05868 0.03122 -0.04288 -0.00364 0.99859
1518196926.163988246 0.08311 0.01317 -0.05752 0.03057 -0.04173 -0.00300 0.99866
1518196926.174042960 0.08652 0.01364 -0.05746 0.03090 -0.04393 -0.00292 0.99855
1518196926.184101449 0.08863 0.01364 -0.06349 0.03201 -0.04451 -0.00474 0.99848
1518196926.194158374 0.08956 0.01281 -0.06042 0.03179 -0.04423 -0.00222 0.99851
1518196926.205920484 0.08999 0.01221 -0.05939 0.03222 -0.04504 -0.00468 0.99845
1518196926.216024446 0.09123 0.01180 -0.05688 0.03240 -0.04538 -0.00674 0.99842
1518196926.226077306 0.09067 0.01093 -0.05333 0.03224 -0.04575 -0.00600 0.99841
1518196926.231103518 0.09156 0.01033 -0.05419 0.03253 -0.04491 -0.00681 0.99844
1518196926.241155141 0.09418 0.00627 -0.05848 0.03264 -0.04583 -0.00626 0.99840
1518196926.251206475 0.09613 0.00376 -0.05256 0.03096 -0.04738 -0.00920 0.99835
1518196926.261257921 0.09583 0.00064 -0.05260 0.03068 -0.04842 -0.01060 0.99830
1518196926.272941019 0.09842 0.00045 -0.05540 0.03087 -0.04830 -0.01236 0.99828
1518196926.282996687 0.10106 -0.00103 -0.05150 0.03018 -0.04985 -0.01251 0.99822
1518196926.293051367 0.10846 -0.00129 -0.05431 0.03088 -0.04961 -0.01154 0.99822
1518196926.303107853 0.11208 -0.00264 -0.05376 0.03117 -0.05162 -0.01398 0.99808
1518196926.313167820 0.11230 -0.00537 -0.05350 0.03067 -0.05242 -0.01309 0.99807
1518196926.323230985 0.11337 -0.00919 -0.05028 0.03048 -0.05072 -0.01373 0.99815
1518196926.333292575 0.10902 -0.01227 -0.04843 0.03012 -0.05055 -0.01426 0.99817
1518196926.343352910 0.11127 -0.01366 -0.04618 0.02869 -0.05071 -0.01588 0.99818
1518196926.353412292 0.11645 -0.01781 -0.04706 0.02873 -0.05194 -0.01517 0.99812
1518196926.363467673 0.11887 -0.01909 -0.04651 0.02865 -0.05399 -0.01613 0.99800
1518196926.373520936 0.12179 -0.02313 -0.04180 0.02859 -0.05412 -0.01636 0.99799
1518196926.383576689 0.12350 -0.02580 -0.04419 0.02783 -0.05616 -0.01679 0.99789
1518196926.393689216 0.12737 -0.02899 -0.04584 0.02840 -0.05549 -0.01686 0.99791
1518196926.398706741 0.12907 -0.03109 -0.04617 0.02866 -0.05505 -0.01668 0.99793
1518196926.413190603 0.12826 -0.03529 -0.04504 0.02942 -0.05423 -0.01804 0.99793
1518196926.423254541 0.12701 -0.03617 -0.03880 0.02940 -0.05381 -0.02044 0.99791
1518196926.433313705 0.12706 -0.03696 -0.03754 0.02967 -0.05257 -0.01901 0.99800
1518196926.443366978 0.12956 -0.04170 -0.04398 0.02856 -0.05259 -0.01984 0.99801
1518196926.453419916 0.12935 -0.04682 -0.04296 0.02895 -0.05362 -0.02139 0.99791
1518196926.463474086 0.12976 -0.04927 -0.03803 0.02877 -0.05373 -0.02314 0.99787
1518196926.473531715 0.13021 -0.05206 -0.03222 0.02792 -0.05306 -0.02141 0.99797
1518196926.483584323 0.13215 -0.05310 -0.03329 0.02825 -0.05159 -0.01903 0.99809
1518196926.493648498 0.12940 -0.05350 -0.03596 0.03035 -0.05081 -0.01966 0.99805
1518196926.503679026 0.12869 -0.05672 -0.03620 0.03122 -0.05076 -0.01995 0.99802
1518196926.514120491 0.13091 -0.05812 -0.03296 0.03172 -0.05052 -0.02022 0.99801
1518196926.524174927 0.13427 -0.06023 -0.02630 0.03157 -0.05090 -0.02312 0.99794
1518196926.534229364 0.13561 -0.06214 -0.03174 0.03197 -0.05182 -0.02132 0.99792
1518196926.544284591 0.13526 -0.06638 -0.03098 0.03194 -0.05083 -0.02186 0.99796
1518196926.554342099 0.13285 -0.06755 -0.02872 0.03215 -0.05074 -0.02407 0.99790
1518196926.564501879 0.13477 -0.06781 -0.02716 0.03254 -0.05005 -0.02329 0.99795
1518196926.574559823 0.13491 -0.06874 -0.02475 0.03400 -0.05180 -0.02378 0.99780
1518196926.584624377 0.13114 -0.06973 -0.02186 0.03473 -0.05192 -0.02590 0.99771
1518196926.594666483 0.12647 -0.06992 -0.02076 0.03527 -0.05100 -0.02591 0.99774
1518196926.604723433 0.12329 -0.07074 -0.01481 0.03527 -0.04998 -0.02757 0.99775
1518196926.624831023 0.12163 -0.07344 -0.01303 0.03672 -0.04780 -0.02739 0.99781
1518196926.631437327 0.12349 -0.07378 -0.00836 0.03650 -0.04818 -0.02666 0.99782
1518196926.641490823 0.12229 -0.07364 -0.00990 0.03747 -0.04873 -0.02444 0.99781
1518196926.651546641 0.12138 -0.07261 -0.01072 0.03881 -0.04966 -0.02615 0.99767
1518196926.661601216 0.11857 -0.07214 -0.00314 0.03998 -0.04978 -0.02658 0.99761
1518196926.671643551 0.11696 -0.07224 -0.00165 0.04007 -0.04924 -0.02620 0.99764
1518196926.681696386 0.11607 -0.07125 0.00129 0.04107 -0.05019 -0.02692 0.99753
1518196926.691749886 0.11531 -0.07023 0.00161 0.04143 -0.05044 -0.02771 0.99748
1518196926.701803190 0.11450 -0.07026 -0.00081 0.04159 -0.05002 -0.02602 0.99754
1518196926.711861905 0.11114 -0.07313 0.00405 0.04256 -0.05000 -0.02579 0.99751
1518196926.721921011 0.10856 -0.07199 0.01387 0.04222 -0.04799 -0.02797 0.99756
1518196926.733062252 0.10581 -0.07203 0.00860 0.04248 -0.04884 -0.02624 0.99756
1518196926.743118412 0.10285 -0.07320 0.01527 0.04172 -0.04920 -0.02851 0.99751
1518196926.753182161 0.09943 -0.07562 0.01930 0.04148 -0.04825 -0.03267 0.99744
1518196926.763245916 0.09527 -0.07782 0.02284 0.04159 -0.04844 -0.03203 0.99745
1518196926.773322831 0.09366 -0.08105 0.02174 0.04131 -0.04932 -0.03237 0.99740
1518196926.783359169 0.09219 -0.08327 0.02712 0.04069 -0.05100 -0.03417 0.99728
1518196926.793416065 0.09199 -0.08488 0.03169 0.04036 -0.05303 -0.03348 0.99722
1518196926.803475519 0.09124 -0.08391 0.03374 0.03980 -0.05546 -0.03286 0.99713
1518196926.813949982 0.09040 -0.08076 0.04077 0.03945 -0.05798 -0.03182 0.99703
1518196926.824011651 0.08867 -0.07983 0.04137 0.04034 -0.06110 -0.02921 0.99689
1518196926.834068770 0.08616 -0.07777 0.04072 0.03973 -0.06346 -0.02913 0.99677
1518196926.844123509 0.08371 -0.07559 0.04395 0.03909 -0.06530 -0.03008 0.99665
1518196926.854180526 0.08030 -0.07489 0.04914 0.03951 -0.06669 -0.03033 0.99653
1518196926.864241296 0.07443 -0.07313 0.04798 0.03930 -0.06817 -0.02987 0.99645
1518196926.874301799 0.06890 -0.07238 0.05276 0.03879 -0.06735 -0.02859 0.99657
1518196926.884355820 0.06093 -0.07309 0.05315 0.03845 -0.06775 -0.02789 0.99657
1518196926.894409022 0.05528 -0.07591 0.05513 0.03851 -0.06793 -0.02829 0.99655
1518196926.904500708 0.05082 -0.07575 0.06154 0.03654 -0.06917 -0.02928 0.99651
1518196926.914555419 0.04632 -0.07493 0.06592 0.03596 -0.06986 -0.02949 0.99647
1518196926.924623767 0.04142 -0.07461 0.06768 0.03514 -0.07106 -0.03071 0.99638
1518196926.934677696 0.03551 -0.07614 0.06531 0.03608 -0.07154 -0.02867 0.99637
1518196926.944738227 0.03377 -0.07703 0.07035 0.03426 -0.07337 -0.02974 0.99627
1518196926.954799222 0.03369 -0.07908 0.07261 0.03294 -0.07488 -0.02662 0.99629
1518196926.964859498 0.03167 -0.08251 0.07423 0.03056 -0.07641 -0.02991 0.99616
1518196926.974915883 0.02848 -0.08870 0.06928 0.02920 -0.07730 -0.02805 0.99619
1518196926.984969010 0.02602 -0.09296 0.06642 0.02731 -0.07819 -0.03087 0.99609
1518196926.995026361 0.02330 -0.09550 0.06953 0.02529 -0.07941 -0.02976 0.99608
1518196927.005090761 0.01921 -0.09810 0.06919 0.02434 -0.07999 -0.03007 0.99604
1518196927.015157415 0.01410 -0.10126 0.07198 0.02227 -0.08137 -0.03206 0.99592
1518196927.022218652 0.01216 -0.10248 0.07079 0.02179 -0.08224 -0.03210 0.99586
1518196927.032276881 0.00732 -0.10288 0.07629 0.01978 -0.08417 -0.03362 0.99569
1518196927.042338385 0.00141 -0.10399 0.08002 0.01798 -0.08393 -0.03556 0.99567
1518196927.052393594 -0.00052 -0.10343 0.07747 0.01744 -0.08453 -0.03724 0.99557
1518196927.062448320 -0.00380 -0.10349 0.07990 0.01704 -0.08669 -0.03856 0.99534
1518196927.072505409 -0.00721 -0.10191 0.07449 0.01721 -0.08748 -0.04088 0.99518
1518196927.082559359 -0.00973 -0.10345 0.08084 0.01813 -0.08858 -0.04255 0.99500
1518196927.092619965 -0.01312 -0.10370 0.08886 0.01744 -0.08937 -0.04179 0.99497
1518196927.102676040 -0.01691 -0.10333 0.08409 0.01652 -0.09088 -0.04485 0.99471
1518196927.112752094 -0.02114 -0.10341 0.08639 0.01697 -0.09190 -0.04540 0.99459
1518196927.122772223 -0.02323 -0.10413 0.08537 0.01629 -0.09311 -0.04665 0.99443
1518196927.132789141 -0.02500 -0.10808 0.08564 0.01491 -0.09445 -0.04522 0.99439
1518196927.144035945 -0.02830 -0.10824 0.09065 0.01427 -0.09576 -0.04865 0.99411
1518196927.154092461 -0.03406 -0.10961 0.09127 0.01374 -0.09783 -0.04861 0.99392
1518196927.164152818 -0.03778 -0.10879 0.08603 0.01403 -0.09851 -0.04930 0.99381
1518196927.174207136 -0.04091 -0.10744 0.08917 0.01277 -0.10017 -0.04995 0.99363
1518196927.184260355 -0.04603 -0.10783 0.09165 0.01288 -0.10037 -0.05021 0.99360
1518196927.194313698 -0.05134 -0.10422 0.09630 0.01317 -0.10148 -0.05493 0.99323
1518196927.204370440 -0.05706 -0.10220 0.09115 0.01414 -0.10313 -0.05713 0.99292
1518196927.214434722 -0.06132 -0.10256 0.09368 0.01400 -0.10372 -0.05626 0.99292
1518196927.224493929 -0.06507 -0.10049 0.09488 0.01405 -0.10611 -0.05791 0.99257
1518196927.234547147 -0.06735 -0.10130 0.09442 0.01280 -0.10809 -0.06007 0.99224
1518196927.244591274 -0.06861 -0.10156 0.09283 0.01133 -0.10993 -0.05888 0.99213
1518196927.254597327 -0.07121 -0.10150 0.09809 0.01112 -0.11179 -0.05895 0.99192
1518196927.264623722 -0.07403 -0.10403 0.09395 0.01013 -0.11374 -0.05951 0.99167
1518196927.274680029 -0.07783 -0.10400 0.09057 0.00828 -0.11638 -0.06104 0.99129
1518196927.284733805 -0.08123 -0.10161 0.09352 0.00777 -0.11849 -0.06396 0.99086
1518196927.294788425 -0.08390 -0.10076 0.09460 0.00841 -0.11828 -0.06444 0.99085
1518196927.304852910 -0.08771 -0.09806 0.09702 0.00768 -0.12008 -0.06653 0.99050
1518196927.314909988 -0.09157 -0.09802 0.09399 0.00914 -0.12192 -0.06478 0.99038
1518196927.324967919 -0.09225 -0.09719 0.09207 0.00830 -0.12330 -0.06602 0.99014
1518196927.335021572 -0.09512 -0.09695 0.09387 0.00633 -0.12528 -0.06736 0.98981
1518196927.345085256 -0.09907 -0.09751 0.09169 0.00604 -0.12706 -0.06876 0.98949
1518196927.355126599 -0.10006 -0.09835 0.09181 0.00507 -0.12963 -0.06858 0.98918
1518196927.365182005 -0.10307 -0.09822 0.08822 0.00340 -0.13178 -0.06971 0.98882
1518196927.375238003 -0.10854 -0.09627 0.08794 0.00298 -0.13285 -0.07108 0.98858
1518196927.385290525 -0.11035 -0.09433 0.09423 0.00159 -0.13518 -0.07208 0.98819
1518196927.395345774 -0.11182 -0.09334 0.08632 0.00210 -0.13676 -0.07367 0.98786
1518196927.405406445 -0.11583 -0.09174 0.08592 0.00209 -0.13909 -0.07490 0.98744
1518196927.415469534 -0.12051 -0.08801 0.09367 0.00128 -0.14005 -0.07908 0.98698
1518196927.425526797 -0.12221 -0.08520 0.08805 0.00192 -0.14075 -0.08009 0.98680
1518196927.435578978 -0.12519 -0.08502 0.08419 0.00210 -0.14304 -0.08014 0.98647
1518196927.445600268 -0.12691 -0.08502 0.08610 0.00069 -0.14420 -0.08140 0.98619
1518196927.455605655 -0.12937 -0.08451 0.08117 0.00066 -0.14586 -0.08157 0.98594
1518196927.465661707 -0.13115 -0.08584 0.07818 -0.00068 -0.14826 -0.08287 0.98547
1518196927.475714448 -0.13430 -0.08479 0.07840 -0.00154 -0.14874 -0.08409 0.98529
1518196927.485769582 -0.13860 -0.08397 0.07420 -0.00149 -0.15064 -0.08604 0.98484
1518196927.495827196 -0.14083 -0.08317 0.07444 -0.00212 -0.15084 -0.08652 0.98476
1518196927.505884655 -0.14157 -0.08103 0.06686 -0.00179 -0.15190 -0.08602 0.98464
1518196927.515947243 -0.14422 -0.07771 0.06935 -0.00204 -0.15255 -0.08717 0.98444
1518196927.526002376 -0.14727 -0.07351 0.06781 -0.00044 -0.15380 -0.08951 0.98404
1518196927.536057747 -0.14857 -0.06890 0.07006 -0.00063 -0.15466 -0.09083 0.98378
1518196927.541087061 -0.14869 -0.06407 0.07181 0.00024 -0.15641 -0.09248 0.98335
1518196927.551143547 -0.14836 -0.06250 0.07077 0.00169 -0.15733 -0.09227 0.98322
1518196927.562003672 -0.15131 -0.06184 0.06537 0.00093 -0.15809 -0.09235 0.98310
1518196927.572060570 -0.15411 -0.05958 0.05997 0.00089 -0.15766 -0.09273 0.98313
1518196927.582113362 -0.15459 -0.05904 0.05967 0.00123 -0.15882 -0.09269 0.98295
1518196927.592166603 -0.15826 -0.05964 0.05942 -0.00015 -0.15953 -0.09454 0.98266
1518196927.602224674 -0.15895 -0.05943 0.05523 -0.00025 -0.16054 -0.09323 0.98262
1518196927.612285522 -0.16069 -0.05554 0.05467 0.00048 -0.16135 -0.09396 0.98241
1518196927.622348456 -0.16052 -0.04939 0.05181 0.00174 -0.16174 -0.09485 0.98226
1518196927.632379917 -0.16149 -0.04596 0.05130 0.00185 -0.16231 -0.09508 0.98215
1518196927.642424367 -0.16246 -0.04422 0.05096 0.00181 -0.16355 -0.09430 0.98202
1518196927.652478063 -0.16246 -0.04352 0.04933 0.00187 -0.16448 -0.09498 0.98179
1518196927.662502339 -0.16491 -0.04126 0.04511 0.00207 -0.16545 -0.09546 0.98158
1518196927.675966008 -0.16467 -0.03663 0.04037 0.00287 -0.16529 -0.09653 0.98151
1518196927.686022591 -0.16180 -0.03432 0.03377 0.00283 -0.16705 -0.09568 0.98129
1518196927.696085439 -0.16218 -0.03297 0.03162 0.00159 -0.16697 -0.09565 0.98131
1518196927.706150706 -0.16114 -0.03022 0.02806 0.00310 -0.16806 -0.09322 0.98135
1518196927.711179435 -0.16280 -0.02690 0.02650 0.00387 -0.16953 -0.09421 0.98100
1518196927.721240804 -0.16484 -0.02239 0.02328 0.00427 -0.16995 -0.09443 0.98091
1518196927.731292908 -0.16346 -0.02099 0.02159 0.00219 -0.16961 -0.09452 0.98097
1518196927.741326367 -0.16288 -0.02045 0.02097 0.00145 -0.16996 -0.09349 0.98101
1518196927.751394430 -0.16370 -0.01872 0.01246 0.00076 -0.16962 -0.09298 0.98111
1518196927.761453368 -0.16583 -0.01946 0.00512 0.00058 -0.16867 -0.09157 0.98141
1518196927.771505704 -0.16174 -0.01914 -0.00054 -0.00105 -0.16977 -0.09125 0.98125
1518196927.781552094 -0.15962 -0.01621 -0.00006 -0.00122 -0.17106 -0.09111 0.98104
1518196927.795896463 -0.15870 -0.01004 -0.00348 -0.00117 -0.17063 -0.09058 0.98116
1518196927.805943526 -0.15559 -0.00665 -0.00515 -0.00005 -0.17160 -0.09049 0.98100
1518196927.815997516 -0.15153 -0.00509 -0.01277 0.00021 -0.17260 -0.08999 0.98087
1518196927.826049304 -0.15210 -0.00063 -0.01246 -0.00041 -0.17203 -0.08999 0.98097
1518196927.831075019 -0.15278 0.00153 -0.01651 -0.00087 -0.17166 -0.08835 0.98119
1518196927.841127982 -0.14956 0.00358 -0.02187 -0.00087 -0.17230 -0.08888 0.98103
1518196927.851192590 -0.14849 0.00544 -0.02681 -0.00058 -0.17257 -0.08678 0.98117
1518196927.865461373 -0.14771 0.00878 -0.03115 -0.00141 -0.17249 -0.08679 0.98118
1518196927.875531040 -0.14544 0.01183 -0.03800 -0.00093 -0.17243 -0.08582 0.98128
1518196927.885559097 -0.14743 0.01488 -0.04435 -0.00119 -0.17168 -0.08619 0.98137
1518196927.895615622 -0.14724 0.01591 -0.05021 -0.00096 -0.17048 -0.08519 0.98167
1518196927.905676644 -0.14579 0.01780 -0.05545 -0.00139 -0.16913 -0.08337 0.98206
1518196927.915734103 -0.14422 0.02249 -0.05987 -0.00122 -0.16939 -0.08281 0.98206
1518196927.925937719 -0.14564 0.02526 -0.06180 -0.00055 -0.16802 -0.08232 0.98234
1518196927.935993720 -0.14405 0.02798 -0.06358 -0.00149 -0.16670 -0.08368 0.98245
1518196927.946050521 -0.14041 0.02980 -0.06615 -0.00219 -0.16727 -0.08204 0.98249
1518196927.956106991 -0.14047 0.02837 -0.07579 -0.00232 -0.16575 -0.08072 0.98286
1518196927.966161312 -0.13864 0.03153 -0.08991 -0.00246 -0.16488 -0.07937 0.98311
1518196927.971188001 -0.13861 0.03516 -0.08618 -0.00308 -0.16279 -0.08191 0.98325
1518196927.981242925 -0.13903 0.03711 -0.08655 -0.00310 -0.16118 -0.07880 0.98377
1518196927.992026040 -0.13522 0.03821 -0.08396 -0.00372 -0.16009 -0.07685 0.98410
1518196928.002081460 -0.12969 0.03920 -0.09223 -0.00396 -0.15978 -0.07615 0.98420
1518196928.012139831 -0.12799 0.04044 -0.09703 -0.00436 -0.15870 -0.07624 0.98437
1518196928.022203242 -0.12764 0.04416 -0.09946 -0.00381 -0.15692 -0.07335 0.98488
1518196928.032256241 -0.12514 0.04714 -0.10271 -0.00425 -0.15497 -0.07300 0.98521
1518196928.042313299 -0.12343 0.04734 -0.10342 -0.00404 -0.15442 -0.07237 0.98534
1518196928.052777352 -0.11970 0.04872 -0.10449 -0.00463 -0.15255 -0.07061 0.98576
1518196928.062835835 -0.11381 0.05224 -0.10876 -0.00449 -0.15128 -0.06947 0.98604
1518196928.072891006 -0.11114 0.05384 -0.11887 -0.00401 -0.14914 -0.06727 0.98652
1518196928.082945331 -0.10923 0.05334 -0.12126 -0.00456 -0.14692 -0.06662 0.98689
1518196928.093006737 -0.10861 0.05525 -0.11818 -0.00549 -0.14524 -0.06458 0.98727
1518196928.103069455 -0.10451 0.05642 -0.12108 -0.00526 -0.14372 -0.06416 0.98752
1518196928.113147890 -0.09945 0.05867 -0.12122 -0.00591 -0.14297 -0.06260 0.98773
1518196928.123179992 -0.09595 0.05924 -0.12799 -0.00526 -0.14112 -0.06066 0.98812
1518196928.133241637 -0.09472 0.06194 -0.13054 -0.00501 -0.13875 -0.05930 0.98854
1518196928.143293345 -0.09153 0.06324 -0.13496 -0.00540 -0.13662 -0.05864 0.98887
1518196928.153345445 -0.08905 0.06517 -0.13447 -0.00534 -0.13403 -0.05785 0.98927
1518196928.163401910 -0.08500 0.06547 -0.13431 -0.00534 -0.13230 -0.05545 0.98964
1518196928.173456305 -0.07904 0.06451 -0.14221 -0.00620 -0.13024 -0.05475 0.98995
1518196928.183699071 -0.07652 0.06510 -0.14028 -0.00696 -0.12790 -0.05232 0.99038
1518196928.193751408 -0.07350 0.06630 -0.14569 -0.00627 -0.12530 -0.05143 0.99077
1518196928.203809606 -0.07063 0.06765 -0.14687 -0.00625 -0.12251 -0.05009 0.99118
1518196928.213864972 -0.06752 0.06912 -0.14973 -0.00602 -0.12042 -0.04773 0.99156
1518196928.223918415 -0.06227 0.06958 -0.15283 -0.00680 -0.11813 -0.04710 0.99186
1518196928.233970213 -0.06051 0.07146 -0.15264 -0.00712 -0.11601 -0.04751 0.99209
1518196928.244025001 -0.05729 0.07156 -0.14799 -0.00771 -0.11301 -0.04316 0.99263
1518196928.254082170 -0.05544 0.07144 -0.15138 -0.00747 -0.11067 -0.04122 0.99297
1518196928.264140551 -0.05264 0.07235 -0.15315 -0.00800 -0.10860 -0.04067 0.99322
1518196928.274197026 -0.04727 0.07297 -0.15645 -0.00834 -0.10592 -0.03919 0.99357
1518196928.284249137 -0.04411 0.07314 -0.15790 -0.00869 -0.10365 -0.03853 0.99383
1518196928.294301134 -0.04142 0.07188 -0.15956 -0.00937 -0.10055 -0.03802 0.99416
1518196928.304362966 -0.03666 0.07341 -0.16050 -0.01017 -0.09844 -0.03353 0.99453
1518196928.314745479 -0.03211 0.07545 -0.16260 -0.01021 -0.09602 -0.03325 0.99477
1518196928.324801764 -0.02660 0.07443 -0.16045 -0.01031 -0.09441 -0.03234 0.99495
1518196928.334853953 -0.02611 0.07432 -0.15784 -0.01149 -0.09138 -0.03051 0.99528
1518196928.344905908 -0.02145 0.07467 -0.16407 -0.01105 -0.08946 -0.02961 0.99549
1518196928.354960236 -0.01653 0.07410 -0.15737 -0.01143 -0.08754 -0.02682 0.99573
1518196928.365014743 -0.01215 0.07333 -0.15785 -0.01244 -0.08531 -0.02594 0.99594
1518196928.375069692 -0.01240 0.07349 -0.15608 -0.01345 -0.08239 -0.02401 0.99622
1518196928.385121443 -0.01078 0.07480 -0.15724 -0.01340 -0.07898 -0.02221 0.99654
1518196928.395174176 -0.00671 0.07467 -0.15968 -0.01352 -0.07623 -0.02307 0.99673
1518196928.405226747 -0.00137 0.07454 -0.15871 -0.01408 -0.07475 -0.02029 0.99690
1518196928.415281838 0.00206 0.07746 -0.15466 -0.01308 -0.07201 -0.01858 0.99715
1518196928.425335483 0.00443 0.07821 -0.15547 -0.01361 -0.07000 -0.01703 0.99731
1518196928.435387562 0.00820 0.07523 -0.15567 -0.01334 -0.06757 -0.01657 0.99749
1518196928.445440004 0.01049 0.07520 -0.15711 -0.01376 -0.06514 -0.01479 0.99767
1518196928.455534032 0.01416 0.07409 -0.15561 -0.01389 -0.06356 -0.01289 0.99780
1518196928.465591359 0.01999 0.07459 -0.15279 -0.01432 -0.06205 -0.01077 0.99791
1518196928.475628484 0.02133 0.07521 -0.14838 -0.01336 -0.05982 -0.01200 0.99805
1518196928.485684263 0.02410 0.07453 -0.15027 -0.01412 -0.05789 -0.00925 0.99818
1518196928.495737147 0.02522 0.07494 -0.15501 -0.01365 -0.05599 -0.00852 0.99830
1518196928.505795577 0.02766 0.07453 -0.14855 -0.01395 -0.05326 -0.00745 0.99846
1518196928.515850723 0.03153 0.07296 -0.14525 -0.01439 -0.05167 -0.00517 0.99855
1518196928.525902395 0.03460 0.06791 -0.14501 -0.01545 -0.04932 -0.00541 0.99865
1518196928.535939521 0.03751 0.06730 -0.14188 -0.01656 -0.04773 -0.00456 0.99871
1518196928.545994518 0.03873 0.06611 -0.14321 -0.01566 -0.04527 -0.00084 0.99885
1518196928.556051723 0.04070 0.06538 -0.13811 -0.01552 -0.04337 -0.00224 0.99894
1518196928.566108302 0.04380 0.06472 -0.13569 -0.01610 -0.04231 -0.00141 0.99897
1518196928.571134934 0.04611 0.06506 -0.13473 -0.01502 -0.04087 0.00111 0.99905
1518196928.581186409 0.04822 0.06506 -0.13450 -0.01403 -0.03934 0.00364 0.99912
1518196928.591238329 0.05009 0.06263 -0.13240 -0.01474 -0.03780 0.00355 0.99917
1518196928.601292590 0.05138 0.06102 -0.12993 -0.01571 -0.03616 0.00412 0.99921
1518196928.611350244 0.05344 0.06001 -0.12831 -0.01501 -0.03502 0.00518 0.99926
1518196928.621408552 0.05554 0.05844 -0.12337 -0.01460 -0.03309 0.00580 0.99933
1518196928.631464477 0.05796 0.05908 -0.12101 -0.01377 -0.03114 0.00872 0.99938
1518196928.641535094 0.05976 0.05730 -0.12101 -0.01350 -0.02998 0.00670 0.99944
1518196928.651593918 0.06285 0.05512 -0.11700 -0.01379 -0.02859 0.01057 0.99944
1518196928.661652899 0.06479 0.05349 -0.11911 -0.01319 -0.02832 0.01029 0.99946
1518196928.671708926 0.06683 0.05165 -0.11192 -0.01399 -0.02657 0.00902 0.99951
1518196928.681763817 0.06822 0.04937 -0.11607 -0.01346 -0.02565 0.01144 0.99951
1518196928.691820246 0.06999 0.04690 -0.11213 -0.01349 -0.02456 0.01239 0.99953
1518196928.702911301 0.07108 0.04494 -0.10924 -0.01308 -0.02391 0.00989 0.99958
1518196928.712955793 0.07002 0.04470 -0.10850 -0.01234 -0.02262 0.01171 0.99960
1518196928.723007381 0.06900 0.04528 -0.10199 -0.01178 -0.02114 0.01265 0.99963
1518196928.733048758 0.06929 0.04318 -0.09656 -0.01105 -0.02018 0.01208 0.99966
1518196928.743102057 0.07083 0.03981 -0.09949 -0.01109 -0.01980 0.01304 0.99966
1518196928.753154378 0.07224 0.03684 -0.09802 -0.01067 -0.01912 0.01452 0.99965
1518196928.763206896 0.07234 0.03386 -0.09717 -0.01054 -0.01832 0.01512 0.99966
1518196928.773259895 0.07216 0.03262 -0.09058 -0.01037 -0.01722 0.01455 0.99969
1518196928.783311345 0.07370 0.03027 -0.08825 -0.00968 -0.01577 0.01426 0.99973
1518196928.793362976 0.07298 0.02694 -0.08971 -0.00920 -0.01529 0.01388 0.99974
1518196928.803414560 0.07216 0.02436 -0.08831 -0.00889 -0.01390 0.01455 0.99976
1518196928.808441439 0.07174 0.02388 -0.08399 -0.00831 -0.01513 0.01560 0.99973
1518196928.821666957 0.07412 0.02116 -0.07936 -0.00708 -0.01454 0.01796 0.99971
1518196928.831723704 0.07637 0.01813 -0.07682 -0.00697 -0.01430 0.01735 0.99972
1518196928.841778099 0.07756 0.01700 -0.07441 -0.00635 -0.01428 0.01945 0.99969
1518196928.851838230 0.07714 0.01447 -0.07616 -0.00584 -0.01401 0.02115 0.99966
1518196928.861900575 0.07821 0.00896 -0.06984 -0.00529 -0.01289 0.02018 0.99970
1518196928.871947638 0.07847 0.00707 -0.06490 -0.00520 -0.01270 0.02139 0.99968
1518196928.882004160 0.07681 0.00523 -0.05996 -0.00460 -0.01169 0.02066 0.99971
1518196928.892061823 0.07735 0.00245 -0.06109 -0.00362 -0.01193 0.02111 0.99970
1518196928.902122951 0.07800 0.00012 -0.05772 -0.00308 -0.01128 0.02462 0.99963
1518196928.912175012 0.07509 -0.00312 -0.05725 -0.00259 -0.00956 0.02349 0.99967
1518196928.922745582 0.07365 -0.00602 -0.04893 -0.00285 -0.00938 0.02543 0.99963
1518196928.932801262 0.07428 -0.00856 -0.04978 -0.00125 -0.00865 0.02518 0.99964
1518196928.942855727 0.07656 -0.00949 -0.04344 -0.00073 -0.00946 0.02673 0.99960
1518196928.952911373 0.07748 -0.01193 -0.04144 0.00049 -0.00760 0.02889 0.99955
1518196928.962965608 0.07865 -0.01285 -0.03422 0.00116 -0.00847 0.02770 0.99958
1518196928.973019209 0.07885 -0.01599 -0.03451 0.00169 -0.00645 0.02950 0.99954
1518196928.983072534 0.08000 -0.01768 -0.03062 0.00235 -0.00599 0.02831 0.99958
1518196928.993126942 0.07872 -0.01999 -0.02907 0.00343 -0.00525 0.02870 0.99957
1518196929.003181193 0.07949 -0.02299 -0.02208 0.00317 -0.00385 0.02929 0.99956
1518196929.013242387 0.07952 -0.02712 -0.02227 0.00373 -0.00236 0.02916 0.99957
1518196929.023299993 0.08276 -0.02898 -0.01762 0.00413 -0.00204 0.03310 0.99944
1518196929.033357164 0.07966 -0.03144 -0.01427 0.00518 -0.00064 0.03168 0.99948
1518196929.043388948 0.07619 -0.03182 -0.00443 0.00516 0.00076 0.03002 0.99954
1518196929.053412457 0.07406 -0.03437 -0.00471 0.00632 0.00218 0.03128 0.99949
1518196929.063463798 0.07197 -0.03504 0.00211 0.00596 0.00369 0.03039 0.99951
1518196929.073519436 0.07111 -0.03785 0.00437 0.00656 0.00420 0.03114 0.99948
1518196929.083575921 0.07370 -0.04000 0.00560 0.00752 0.00451 0.03091 0.99948
1518196929.091867159 0.07513 -0.04132 0.01129 0.00780 0.00318 0.03209 0.99945
1518196929.101926589 0.07548 -0.04291 0.01214 0.00784 0.00303 0.03331 0.99941
1518196929.111983483 0.07572 -0.04426 0.01207 0.00916 0.00425 0.03354 0.99939
1518196929.122036458 0.07581 -0.04723 0.01726 0.00975 0.00557 0.03411 0.99935
1518196929.132090010 0.07268 -0.04791 0.01818 0.01035 0.00626 0.03357 0.99936
1518196929.142149325 0.07038 -0.04995 0.02527 0.01053 0.00684 0.03264 0.99939
1518196929.155845150 0.06694 -0.05380 0.02750 0.01125 0.00780 0.03295 0.99936
1518196929.165899129 0.06432 -0.05426 0.02823 0.01250 0.00869 0.03286 0.99934
1518196929.175940612 0.06085 -0.05704 0.03309 0.01189 0.00939 0.03225 0.99936
1518196929.185999863 0.05868 -0.05786 0.04263 0.01173 0.00984 0.03105 0.99940
1518196929.196058704 0.05690 -0.06029 0.03901 0.01357 0.01145 0.03287 0.99930
1518196929.206119738 0.05611 -0.06291 0.03881 0.01382 0.01198 0.03395 0.99926
1518196929.216184145 0.05687 -0.06261 0.04218 0.01442 0.01158 0.03398 0.99925
1518196929.223969444 0.05787 -0.06306 0.04434 0.01594 0.01066 0.03330 0.99926
1518196929.234022719 0.05660 -0.06416 0.04535 0.01668 0.01088 0.03371 0.99923
1518196929.244076942 0.05488 -0.06216 0.04933 0.01814 0.01083 0.03304 0.99923
1518196929.254141678 0.05157 -0.06109 0.05509 0.01989 0.01178 0.03353 0.99917
1518196929.264207089 0.05081 -0.06100 0.05692 0.02124 0.01233 0.03205 0.99918
1518196929.274268018 0.04929 -0.06288 0.05694 0.02235 0.01182 0.03269 0.99915
1518196929.284324923 0.05007 -0.06486 0.05932 0.02294 0.01157 0.03126 0.99918
1518196929.294378466 0.04963 -0.06359 0.05610 0.02312 0.01096 0.03176 0.99917
1518196929.304467089 0.04636 -0.06241 0.06392 0.02488 0.01051 0.03150 0.99914
1518196929.314524254 0.04257 -0.06480 0.06500 0.02619 0.00972 0.03253 0.99908
1518196929.324577094 0.04554 -0.06438 0.06815 0.02715 0.00875 0.03094 0.99911
1518196929.334631361 0.04674 -0.06490 0.06096 0.02800 0.00732 0.03211 0.99907
1518196929.344691034 0.04592 -0.06605 0.06204 0.02802 0.00615 0.03230 0.99907
1518196929.354747179 0.04517 -0.06852 0.06767 0.02838 0.00727 0.03251 0.99904
1518196929.365207951 0.04214 -0.07174 0.06858 0.02752 0.00687 0.03135 0.99911
1518196929.375261286 0.03851 -0.07538 0.07159 0.02656 0.00608 0.02944 0.99920
1518196929.385315584 0.03822 -0.07615 0.07417 0.02737 0.00519 0.02904 0.99919
1518196929.395371817 0.03838 -0.07762 0.07416 0.02746 0.00396 0.02941 0.99918
1518196929.405441419 0.03524 -0.07866 0.07418 0.02791 0.00274 0.03087 0.99913
1518196929.415479581 0.03249 -0.07987 0.06984 0.02839 0.00106 0.02770 0.99921
1518196929.425534245 0.03000 -0.08072 0.07106 0.02865 0.00087 0.02743 0.99921
1518196929.430561078 0.02585 -0.08208 0.07105 0.02824 0.00049 0.02586 0.99927
1518196929.441292546 0.02354 -0.08354 0.07266 0.02853 -0.00227 0.02449 0.99929
1518196929.451349580 0.02234 -0.08550 0.06448 0.02958 -0.00320 0.02625 0.99921
1518196929.461411615 0.02151 -0.08824 0.06172 0.02945 -0.00630 0.02642 0.99920
1518196929.471441493 0.02110 -0.08913 0.06424 0.02817 -0.00756 0.02431 0.99928
1518196929.481493756 0.01789 -0.08752 0.06974 0.02704 -0.00899 0.02427 0.99930
1518196929.491546049 0.01300 -0.08436 0.07420 0.02819 -0.00887 0.02103 0.99934
1518196929.501605977 0.01005 -0.08476 0.07272 0.02869 -0.01038 0.02137 0.99931
1518196929.513895338 0.00636 -0.08529 0.07006 0.02736 -0.01228 0.02065 0.99934
1518196929.523963315 0.00468 -0.08515 0.06562 0.02782 -0.01337 0.02161 0.99929
1518196929.534019095 0.00466 -0.08221 0.06714 0.02764 -0.01598 0.01922 0.99931
1518196929.544065850 0.00257 -0.08196 0.06848 0.02775 -0.01839 0.02060 0.99923
1518196929.564121414 -0.00270 -0.08139 0.06872 0.02725 -0.02145 0.02038 0.99919
1518196929.574800483 -0.00672 -0.07855 0.06777 0.02735 -0.02253 0.01764 0.99922
1518196929.584857240 -0.01230 -0.07763 0.06923 0.02744 -0.02273 0.01720 0.99922
1518196929.594911501 -0.01690 -0.07769 0.06692 0.02608 -0.02350 0.01502 0.99927
1518196929.604964443 -0.01867 -0.07828 0.06346 0.02534 -0.02532 0.01396 0.99926
1518196929.615017942 -0.02233 -0.07822 0.06324 0.02515 -0.02730 0.00967 0.99926
1518196929.625070875 -0.02502 -0.07465 0.06598 0.02525 -0.02830 0.01118 0.99922
1518196929.635123741 -0.02861 -0.07265 0.06213 0.02526 -0.03054 0.01085 0.99916
1518196929.645181687 -0.03101 -0.07202 0.06014 0.02569 -0.03263 0.00991 0.99909
1518196929.655217345 -0.03494 -0.07153 0.05935 0.02487 -0.03498 0.00873 0.99904
1518196929.665233049 -0.03938 -0.07071 0.05446 0.02493 -0.03498 0.00761 0.99905
1518196929.675497311 -0.04310 -0.06937 0.05483 0.02461 -0.03599 0.00737 0.99902
1518196929.685550296 -0.04752 -0.06658 0.05250 0.02371 -0.03680 0.00567 0.99903
1518196929.695603410 -0.05211 -0.06675 0.05527 0.02332 -0.03764 0.00471 0.99901
1518196929.705658265 -0.05568 -0.06644 0.04904 0.02362 -0.03967 0.00353 0.99893
1518196929.715714255 -0.05566 -0.06663 0.04497 0.02198 -0.04070 0.00367 0.99892
1518196929.725767962 -0.05684 -0.06755 0.04469 0.02075 -0.04238 0.00092 0.99889
1518196929.735979193 -0.05922 -0.06773 0.04034 0.01998 -0.04423 0.00220 0.99882
1518196929.746032005 -0.06204 -0.06838 0.04155 0.01937 -0.04599 0.00092 0.99875
1518196929.756066677 -0.06616 -0.06655 0.03611 0.01875 -0.04775 -0.00026 0.99868
1518196929.766120146 -0.06989 -0.06665 0.03524 0.01783 -0.04854 -0.00130 0.99866
1518196929.771146862 -0.07637 -0.06423 0.03543 0.01734 -0.04859 -0.00296 0.99866
1518196929.781200501 -0.07931 -0.06182 0.03097 0.01750 -0.04896 -0.00372 0.99864
1518196929.791254961 -0.08360 -0.05938 0.02844 0.01772 -0.05109 -0.00528 0.99852
1518196929.801311615 -0.08643 -0.05652 0.02921 0.01780 -0.05222 -0.00536 0.99846
1518196929.811365990 -0.08822 -0.05477 0.02435 0.01750 -0.05385 -0.00576 0.99838
1518196929.821403993 -0.09175 -0.05120 0.02462 0.01861 -0.05514 -0.00609 0.99829
1518196929.831445344 -0.09517 -0.04734 0.02454 0.01843 -0.05628 -0.00623 0.99823
1518196929.841473121 -0.09760 -0.04570 0.02014 0.01863 -0.05768 -0.00803 0.99813
1518196929.851486852 -0.10000 -0.04407 0.01454 0.01955 -0.05828 -0.00700 0.99808
1518196929.861499627 -0.10294 -0.04003 0.01137 0.01957 -0.05983 -0.00896 0.99798
1518196929.871514084 -0.10578 -0.03611 0.01379 0.01988 -0.06026 -0.00993 0.99794
1518196929.881527849 -0.10816 -0.03206 0.01043 0.02143 -0.06146 -0.01003 0.99783
1518196929.896114419 -0.11126 -0.03052 0.00410 0.02206 -0.06284 -0.00782 0.99775
1518196929.906179266 -0.11475 -0.02978 0.00232 0.02170 -0.06303 -0.00888 0.99774
1518196929.911208204 -0.11669 -0.02786 -0.00305 0.02185 -0.06419 -0.01036 0.99764
1518196929.921262675 -0.11973 -0.02631 -0.00545 0.02198 -0.06443 -0.01070 0.99762
1518196929.931318495 -0.11937 -0.02353 -0.01100 0.02171 -0.06604 -0.00958 0.99753
1518196929.941413369 -0.12197 -0.02111 -0.01235 0.02231 -0.06653 -0.01209 0.99746
1518196929.951470602 -0.12353 -0.01965 -0.01393 0.02288 -0.06703 -0.01092 0.99743
1518196929.962961840 -0.12691 -0.01952 -0.02396 0.02203 -0.06696 -0.01056 0.99746
1518196929.973020796 -0.13006 -0.01675 -0.02564 0.02170 -0.06677 -0.01256 0.99745
1518196929.983075081 -0.13237 -0.01343 -0.02941 0.02201 -0.06734 -0.01158 0.99742
1518196929.993130956 -0.13078 -0.01324 -0.03115 0.02238 -0.06901 -0.01275 0.99728
1518196930.003188083 -0.13312 -0.01255 -0.03092 0.02090 -0.06938 -0.01179 0.99730
1518196930.013251619 -0.13677 -0.01159 -0.02934 0.02075 -0.06874 -0.01180 0.99735
1518196930.023314817 -0.13768 -0.01088 -0.04095 0.02039 -0.07022 -0.01238 0.99725
1518196930.035751695 -0.13925 -0.01237 -0.04332 0.01922 -0.06995 -0.01205 0.99729
1518196930.045806284 -0.13884 -0.01154 -0.04432 0.01878 -0.07114 -0.01097 0.99723
1518196930.055862628 -0.13964 -0.00581 -0.04440 0.01971 -0.07245 -0.01287 0.99709
1518196930.065920909 -0.14175 -0.00493 -0.04699 0.02032 -0.07370 -0.01108 0.99701
1518196930.075977650 -0.13812 -0.00420 -0.05787 0.02046 -0.07470 -0.01163 0.99693
1518196930.086031366 -0.13523 -0.00237 -0.06308 0.02118 -0.07640 -0.00834 0.99682
1518196930.091064202 -0.13406 0.00132 -0.06448 0.02108 -0.07614 -0.00796 0.99684
1518196930.106157281 -0.13378 0.00274 -0.06648 0.02126 -0.07650 -0.00691 0.99682
1518196930.111190287 -0.13687 0.00445 -0.06908 0.02147 -0.07631 -0.00809 0.99682
1518196930.121254266 -0.13928 0.00639 -0.07825 0.02176 -0.07528 -0.00642 0.99690
1518196930.132223474 -0.13795 0.00663 -0.08121 0.02146 -0.07483 -0.00371 0.99696
1518196930.142268635 -0.13516 0.00788 -0.08331 0.02100 -0.07528 -0.00418 0.99693
1518196930.152307808 -0.13177 0.00972 -0.08173 0.02046 -0.07553 -0.00313 0.99693
1518196930.162384049 -0.13082 0.01242 -0.08389 0.02007 -0.07650 -0.00360 0.99686
1518196930.172458787 -0.12899 0.01254 -0.08777 0.01890 -0.07529 -0.00488 0.99697
1518196930.182511038 -0.13371 0.01445 -0.09191 0.01919 -0.07432 -0.00205 0.99705
1518196930.192566971 -0.13652 0.01666 -0.08856 0.01832 -0.07314 -0.00308 0.99715
1518196930.202620946 -0.13759 0.01660 -0.09124 0.01732 -0.07302 -0.00337 0.99717
1518196930.214333584 -0.13502 0.01569 -0.09567 0.01638 -0.07234 -0.00039 0.99725
1518196930.224378294 -0.13696 0.01582 -0.09186 0.01552 -0.07181 -0.00046 0.99730
1518196930.234430721 -0.13660 0.01842 -0.09466 0.01430 -0.07102 0.00018 0.99737
1518196930.244485846 -0.13461 0.01737 -0.09879 0.01420 -0.07064 0.00005 0.99740
1518196930.254538768 -0.13278 0.01790 -0.10313 0.01280 -0.07019 0.00021 0.99745
1518196930.264591761 -0.13422 0.01786 -0.10123 0.01269 -0.06819 0.00319 0.99759
1518196930.274643254 -0.13461 0.02075 -0.10863 0.01266 -0.06763 0.00216 0.99763
1518196930.284697754 -0.13340 0.02333 -0.11193 0.01340 -0.06716 0.00573 0.99764
1518196930.294730071 -0.13114 0.02742 -0.11324 0.01374 -0.06597 0.00530 0.99771
1518196930.304791289 -0.12808 0.02956 -0.11671 0.01459 -0.06645 0.00635 0.99766
1518196930.314847582 -0.12666 0.03162 -0.11824 0.01402 -0.06558 0.00694 0.99772
1518196930.324906131 -0.12675 0.03678 -0.11890 0.01567 -0.06365 0.00697 0.99783
1518196930.334961914 -0.12553 0.03899 -0.11778 0.01543 -0.06092 0.00800 0.99799
1518196930.345017530 -0.12540 0.03974 -0.11657 0.01488 -0.05845 0.00882 0.99814
1518196930.350048642 -0.12192 0.03999 -0.11746 0.01675 -0.05777 0.01002 0.99814
1518196930.363969717 -0.11775 0.04100 -0.11859 0.01606 -0.05625 0.01247 0.99821
1518196930.374024397 -0.11578 0.04126 -0.12523 0.01653 -0.05521 0.01124 0.99827
1518196930.384078810 -0.11369 0.04214 -0.12322 0.01543 -0.05276 0.01197 0.99842
1518196930.394139057 -0.11108 0.04154 -0.12284 0.01538 -0.05188 0.01362 0.99844
1518196930.404230337 -0.11114 0.04054 -0.12612 0.01450 -0.05024 0.01343 0.99854
1518196930.414263343 -0.10829 0.04220 -0.12912 0.01617 -0.04815 0.01239 0.99863
1518196930.419273444 -0.10701 0.04327 -0.12814 0.01651 -0.04805 0.01668 0.99857
1518196930.432717462 -0.10505 0.04160 -0.12822 0.01634 -0.04653 0.01706 0.99864
1518196930.442772468 -0.10198 0.04144 -0.12774 0.01575 -0.04535 0.01601 0.99872
1518196930.452826079 -0.10033 0.03968 -0.13109 0.01552 -0.04398 0.01718 0.99876
1518196930.462882041 -0.09806 0.03907 -0.12902 0.01564 -0.04231 0.01810 0.99882
1518196930.472939980 -0.09743 0.03913 -0.12598 0.01605 -0.04139 0.02001 0.99881
1518196930.482995263 -0.09474 0.03928 -0.12568 0.01576 -0.03919 0.01933 0.99892
1518196930.488025932 -0.09363 0.03871 -0.12454 0.01626 -0.03844 0.02026 0.99892
1518196930.501866292 -0.09248 0.03840 -0.12447 0.01574 -0.03793 0.01920 0.99897
1518196930.511935653 -0.08886 0.03866 -0.12695 0.01680 -0.03569 0.02094 0.99900
1518196930.521990469 -0.08852 0.03706 -0.12368 0.01660 -0.03430 0.02231 0.99902
1518196930.532045024 -0.08646 0.03522 -0.12729 0.01654 -0.03245 0.02433 0.99904
1518196930.542104653 -0.08430 0.03487 -0.12303 0.01626 -0.03145 0.02334 0.99910
1518196930.552165252 -0.08205 0.03421 -0.12288 0.01559 -0.02992 0.02264 0.99917
1518196930.562257783 -0.08083 0.03133 -0.12062 0.01604 -0.02957 0.02355 0.99916
1518196930.573109150 -0.07910 0.02918 -0.11998 0.01486 -0.02720 0.02077 0.99930
1518196930.583163598 -0.07907 0.02835 -0.11914 0.01440 -0.02469 0.02309 0.99932
1518196930.593220725 -0.07788 0.02574 -0.11736 0.01522 -0.02270 0.02345 0.99935
1518196930.603280290 -0.07663 0.02466 -0.11190 0.01422 -0.02066 0.02246 0.99943
1518196930.613367483 -0.07478 0.02254 -0.11293 0.01405 -0.02007 0.02181 0.99946
1518196930.618395334 -0.07302 0.01872 -0.11077 0.01440 -0.01995 0.02394 0.99941
1518196930.631949153 -0.07250 0.01887 -0.10686 0.01473 -0.01794 0.02246 0.99948
1518196930.642002004 -0.07105 0.01974 -0.10457 0.01587 -0.01674 0.02294 0.99947
1518196930.652055948 -0.06941 0.01864 -0.10856 0.01620 -0.01677 0.02343 0.99945
1518196930.662108542 -0.06797 0.01857 -0.10394 0.01646 -0.01605 0.02154 0.99950
1518196930.672165060 -0.06721 0.01778 -0.10013 0.01732 -0.01463 0.02387 0.99946
1518196930.682219104 -0.06699 0.01873 -0.10163 0.01932 -0.01424 0.02461 0.99941
1518196930.695724346 -0.06620 0.01560 -0.09868 0.02006 -0.01294 0.02328 0.99944
1518196930.705778306 -0.06329 0.01302 -0.09923 0.01905 -0.01320 0.02343 0.99946
1518196930.715836465 -0.06206 0.01135 -0.09385 0.01920 -0.01306 0.02349 0.99945
1518196930.725890288 -0.06094 0.01007 -0.09308 0.02059 -0.01160 0.02456 0.99942
1518196930.735940187 -0.06043 0.00799 -0.09456 0.02121 -0.01113 0.02431 0.99942
1518196930.745993712 -0.05830 0.00492 -0.08807 0.02095 -0.01144 0.02446 0.99942
1518196930.756052218 -0.05612 0.00118 -0.08865 0.02055 -0.01180 0.02430 0.99942
1518196930.762167107 -0.05414 -0.00159 -0.08636 0.02058 -0.01161 0.02254 0.99947
1518196930.772233521 -0.05386 -0.00511 -0.08464 0.02144 -0.01220 0.02367 0.99942
1518196930.782278818 -0.05181 -0.00583 -0.08007 0.02130 -0.01246 0.01990 0.99950
1518196930.792344088 -0.05484 -0.00747 -0.08071 0.02284 -0.01096 0.02343 0.99940
