1504645601.504437 -0.00069 -0.00503 0.00528 0.00021 0.00015 -0.00181 1.00000
1504645601.514495 -0.00102 -0.00800 0.01339 0.00303 0.00001 -0.00151 0.99999
1504645601.524553 -0.00186 -0.01095 0.02262 0.00284 0.00065 -0.00308 0.99999
1504645601.534612 -0.00267 -0.01327 0.02856 0.00285 -0.00001 -0.00292 0.99999
1504645601.544674 -0.00403 -0.01639 0.03615 0.00425 -0.00003 -0.00434 0.99998
1504645601.554729 -0.00472 -0.02057 0.04598 0.00340 0.00084 -0.00475 0.99998
1504645601.564817 -0.00463 -0.02572 0.05080 0.00309 0.00073 -0.00144 0.99999
1504645601.574881 -0.00461 -0.03119 0.05712 0.00134 0.00062 -0.00114 1.00000
1504645601.583936 -0.00460 -0.03603 0.06393 0.00136 0.00139 -0.00021 1.00000
1504645601.593995 -0.00573 -0.04027 0.07283 0.00051 0.00018 -0.00220 1.00000
1504645601.604070 -0.00741 -0.04467 0.07859 0.00020 0.00227 -0.00231 0.99999
1504645601.614162 -0.00996 -0.04689 0.08492 0.00234 0.00289 -0.00334 0.99999
1504645601.624228 -0.01138 -0.04994 0.08753 0.00304 0.00470 -0.00484 0.99997
1504645601.634291 -0.01327 -0.05320 0.09548 0.00409 0.00459 -0.00802 0.99995
1504645601.644367 -0.01220 -0.05520 0.10453 0.00391 0.00580 -0.00221 0.99997
1504645601.654439 -0.01027 -0.05973 0.10875 0.00292 0.00395 -0.00350 0.99998
1504645601.664496 -0.01059 -0.06193 0.11868 0.00381 0.00297 -0.00318 0.99998
1504645601.674551 -0.01193 -0.06493 0.12425 0.00552 0.00269 -0.00534 0.99997
1504645601.684615 -0.01166 -0.06821 0.12610 0.00575 0.00378 -0.00606 0.99996
1504645601.694677 -0.01045 -0.07106 0.13050 0.00663 0.00579 -0.00141 0.99996
1504645601.704742 -0.01251 -0.07359 0.14102 0.00737 0.00322 -0.00476 0.99996
1504645601.714828 -0.01392 -0.08006 0.15083 0.00526 0.00314 -0.00352 0.99998
1504645601.724888 -0.01634 -0.08321 0.15393 0.00558 0.00417 -0.00451 0.99997
1504645601.733978 -0.01668 -0.08961 0.15709 0.00465 0.00498 -0.00586 0.99996
1504645601.744036 -0.01828 -0.09265 0.16734 0.00602 0.00420 -0.00845 0.99994
1504645601.754093 -0.01754 -0.09366 0.16683 0.00485 0.00504 -0.00771 0.99995
1504645601.764172 -0.02005 -0.09999 0.17314 0.00414 0.00547 -0.00898 0.99994
1504645601.774230 -0.02201 -0.10506 0.18259 0.00303 0.00649 -0.00698 0.99995
1504645601.784289 -0.02407 -0.11013 0.18852 0.00247 0.00765 -0.00776 0.99994
1504645601.794349 -0.02789 -0.11289 0.19175 0.00239 0.00918 -0.01061 0.99990
1504645601.804461 -0.02766 -0.11701 0.19938 0.00035 0.00869 -0.00931 0.99992
1504645601.814517 -0.02792 -0.12101 0.20536 0.00045 0.00778 -0.00924 0.99993
1504645601.824583 -0.02703 -0.12295 0.21016 0.00138 0.00696 -0.00812 0.99994
1504645601.834645 -0.02860 -0.12783 0.21808 -0.00017 0.00681 -0.00852 0.99994
1504645601.844742 -0.03466 -0.13050 0.22368 0.00055 0.00847 -0.01218 0.99989
1504645601.854828 -0.03533 -0.13149 0.22682 0.00083 0.00956 -0.00871 0.99992
1504645601.863893 -0.03363 -0.13714 0.23381 -0.00127 0.00799 -0.00677 0.99994
1504645601.873952 -0.03457 -0.14195 0.24158 -0.00152 0.00752 -0.00831 0.99994
1504645601.884008 -0.03693 -0.14624 0.25180 -0.00130 0.00775 -0.00713 0.99994
1504645601.894066 -0.03833 -0.14716 0.25533 0.00032 0.00771 -0.00629 0.99995
1504645601.904210 -0.03893 -0.14834 0.26059 0.00181 0.00788 -0.00564 0.99995
1504645601.914271 -0.03927 -0.15166 0.26686 0.00175 0.00699 -0.00643 0.99995
1504645601.924335 -0.04161 -0.15716 0.27533 -0.00016 0.00735 -0.00776 0.99994
1504645601.934409 -0.04281 -0.16241 0.28143 -0.00190 0.00751 -0.00857 0.99993
1504645601.944467 -0.04301 -0.16823 0.28703 -0.00234 0.00722 -0.00788 0.99994
1504645601.954527 -0.04629 -0.17097 0.29220 -0.00179 0.00823 -0.00942 0.99992
1504645601.964591 -0.04816 -0.17566 0.29775 -0.00262 0.00857 -0.00865 0.99992
1504645601.974673 -0.05044 -0.18142 0.30790 -0.00371 0.00884 -0.00877 0.99992
1504645601.984732 -0.05277 -0.18496 0.30924 -0.00410 0.00885 -0.00934 0.99991
1504645601.994812 -0.05274 -0.19040 0.31894 -0.00486 0.00849 -0.00894 0.99991
1504645602.004878 -0.05498 -0.19379 0.32320 -0.00517 0.00894 -0.00905 0.99991
1504645602.013931 -0.05796 -0.19862 0.32976 -0.00404 0.00877 -0.00838 0.99992
1504645602.024027 -0.05788 -0.20215 0.33800 -0.00447 0.00787 -0.00823 0.99993
1504645602.034179 -0.05783 -0.20553 0.34202 -0.00414 0.00673 -0.00804 0.99994
1504645602.044303 -0.06167 -0.20897 0.35147 -0.00296 0.00774 -0.00893 0.99993
1504645602.054398 -0.06358 -0.21101 0.35488 -0.00478 0.00881 -0.01014 0.99990
1504645602.064459 -0.06506 -0.21584 0.36258 -0.00484 0.00847 -0.00856 0.99992
1504645602.074518 -0.06789 -0.22217 0.36791 -0.00624 0.00878 -0.01000 0.99989
1504645602.084576 -0.06791 -0.22700 0.37420 -0.00770 0.00773 -0.00911 0.99990
1504645602.094635 -0.06827 -0.23076 0.38070 -0.00698 0.00671 -0.00720 0.99993
1504645602.104765 -0.07182 -0.23246 0.38511 -0.00721 0.00792 -0.00902 0.99990
1504645602.114828 -0.07397 -0.23542 0.39063 -0.00648 0.00812 -0.00897 0.99991
1504645602.124887 -0.07745 -0.24195 0.39777 -0.00893 0.00820 -0.00974 0.99988
1504645602.133935 -0.08054 -0.24715 0.40483 -0.00986 0.00839 -0.01012 0.99986
1504645602.144008 -0.08213 -0.25152 0.40764 -0.01143 0.00870 -0.01094 0.99984
1504645602.154068 -0.08528 -0.25707 0.41433 -0.01336 0.00947 -0.00831 0.99983
1504645602.164138 -0.08906 -0.26254 0.42403 -0.01378 0.00940 -0.00832 0.99983
1504645602.174195 -0.09188 -0.26847 0.42854 -0.01429 0.00937 -0.00973 0.99981
1504645602.184254 -0.09437 -0.27196 0.43345 -0.01533 0.00878 -0.00964 0.99980
1504645602.194312 -0.09659 -0.27674 0.44344 -0.01608 0.00923 -0.00884 0.99979
1504645602.204369 -0.09857 -0.27871 0.44819 -0.01699 0.01034 -0.00918 0.99976
1504645602.214428 -0.10203 -0.27852 0.45336 -0.01503 0.01024 -0.00927 0.99979
1504645602.224487 -0.10360 -0.28219 0.46321 -0.01316 0.00991 -0.00950 0.99982
1504645602.234545 -0.10564 -0.28533 0.46716 -0.01371 0.00973 -0.00978 0.99981
1504645602.244640 -0.10769 -0.28929 0.47503 -0.01390 0.00958 -0.01052 0.99980
1504645602.254696 -0.10919 -0.29256 0.48073 -0.01564 0.00964 -0.01108 0.99977
1504645602.264783 -0.11143 -0.29565 0.48777 -0.01523 0.00923 -0.01251 0.99976
1504645602.274841 -0.11389 -0.29915 0.49244 -0.01511 0.00953 -0.01161 0.99977
1504645602.283894 -0.11693 -0.30500 0.50202 -0.01615 0.00964 -0.01241 0.99975
1504645602.293954 -0.11899 -0.30919 0.50447 -0.01693 0.01042 -0.01291 0.99972
1504645602.304022 -0.12136 -0.31071 0.51321 -0.01714 0.01107 -0.01234 0.99972
1504645602.314107 -0.12420 -0.31338 0.51887 -0.01626 0.01129 -0.01432 0.99970
1504645602.324163 -0.12656 -0.31656 0.52654 -0.01611 0.01113 -0.01240 0.99973
1504645602.334222 -0.12788 -0.32086 0.53137 -0.01709 0.01005 -0.01321 0.99972
1504645602.344280 -0.13031 -0.32514 0.53867 -0.01742 0.01005 -0.01304 0.99971
1504645602.354335 -0.13318 -0.32809 0.54691 -0.01784 0.01040 -0.01367 0.99969
1504645602.364392 -0.13726 -0.33088 0.55126 -0.01725 0.01093 -0.01373 0.99970
1504645602.374456 -0.13971 -0.33523 0.55690 -0.01782 0.01147 -0.01388 0.99968
1504645602.384518 -0.14314 -0.33798 0.56316 -0.01687 0.01077 -0.01462 0.99969
1504645602.394631 -0.14735 -0.33992 0.57170 -0.01689 0.01135 -0.01575 0.99967
1504645602.404691 -0.14954 -0.34351 0.57618 -0.01742 0.01184 -0.01455 0.99967
1504645602.414763 -0.15269 -0.34801 0.58667 -0.01977 0.01201 -0.01507 0.99962
1504645602.424821 -0.15667 -0.35106 0.59566 -0.01965 0.01230 -0.01497 0.99962
1504645602.433875 -0.15950 -0.35481 0.60144 -0.01976 0.01189 -0.01573 0.99961
1504645602.443935 -0.16191 -0.35976 0.60668 -0.02012 0.01192 -0.01571 0.99960
1504645602.454011 -0.16346 -0.36313 0.61044 -0.02145 0.01207 -0.01482 0.99959
1504645602.464142 -0.16535 -0.36573 0.61774 -0.02031 0.01163 -0.01356 0.99963
1504645602.474208 -0.16811 -0.36804 0.62031 -0.01990 0.01095 -0.01486 0.99963
1504645602.484267 -0.17139 -0.37196 0.62919 -0.01926 0.01056 -0.01365 0.99967
1504645602.494335 -0.17295 -0.37388 0.63917 -0.01943 0.01028 -0.01334 0.99967
1504645602.504409 -0.17590 -0.37640 0.64433 -0.02031 0.01019 -0.01377 0.99965
1504645602.514478 -0.17806 -0.38110 0.64960 -0.02157 0.01010 -0.01419 0.99962
1504645602.524552 -0.18027 -0.38474 0.66105 -0.02157 0.00937 -0.01280 0.99964
1504645602.534660 -0.18357 -0.38820 0.66844 -0.02095 0.00954 -0.01087 0.99968
1504645602.544741 -0.18785 -0.39146 0.67419 -0.02067 0.00902 -0.01255 0.99967
1504645602.554798 -0.19119 -0.39323 0.68356 -0.02162 0.01100 -0.01407 0.99961
1504645602.563851 -0.19461 -0.39571 0.68666 -0.02104 0.01114 -0.01428 0.99961
1504645602.573909 -0.19835 -0.40019 0.69189 -0.02180 0.01175 -0.01381 0.99960
1504645602.583969 -0.20385 -0.40338 0.70179 -0.02179 0.01207 -0.01594 0.99956
1504645602.594028 -0.20704 -0.40560 0.70892 -0.02065 0.01237 -0.01651 0.99957
1504645602.604117 -0.20804 -0.40745 0.71520 -0.02215 0.01234 -0.01589 0.99955
1504645602.614173 -0.20953 -0.41206 0.72311 -0.02186 0.01173 -0.01472 0.99958
1504645602.624231 -0.21085 -0.41604 0.73013 -0.02186 0.01116 -0.01593 0.99957
1504645602.634289 -0.21433 -0.42093 0.73781 -0.02260 0.01059 -0.01616 0.99956
1504645602.644348 -0.21834 -0.42327 0.74629 -0.02197 0.01116 -0.01589 0.99957
1504645602.654448 -0.21932 -0.42671 0.74938 -0.02246 0.01171 -0.01775 0.99952
1504645602.664506 -0.22056 -0.43079 0.75564 -0.02240 0.01072 -0.01711 0.99955
1504645602.674564 -0.22268 -0.43365 0.76072 -0.02219 0.01040 -0.01690 0.99956
1504645602.684622 -0.22646 -0.43738 0.77540 -0.02106 0.00955 -0.01959 0.99954
1504645602.694682 -0.22954 -0.44193 0.77906 -0.02047 0.01069 -0.02006 0.99953
1504645602.704819 -0.23237 -0.44403 0.78822 -0.02134 0.01114 -0.02105 0.99949
1504645602.713875 -0.23532 -0.44760 0.79356 -0.02099 0.01176 -0.02104 0.99949
1504645602.723941 -0.23762 -0.45073 0.79956 -0.02052 0.01191 -0.02057 0.99951
1504645602.734001 -0.24030 -0.45456 0.80745 -0.02065 0.01127 -0.02093 0.99950
1504645602.744074 -0.24411 -0.45932 0.81688 -0.01998 0.01125 -0.02122 0.99951
1504645602.754131 -0.24541 -0.46167 0.82241 -0.01943 0.01173 -0.02149 0.99951
1504645602.764191 -0.24741 -0.46414 0.82965 -0.01899 0.01045 -0.02327 0.99949
1504645602.774252 -0.25012 -0.46649 0.83824 -0.01752 0.01038 -0.02332 0.99952
1504645602.784331 -0.25414 -0.46981 0.84515 -0.01642 0.01139 -0.02451 0.99950
1504645602.794389 -0.25913 -0.47385 0.85311 -0.01678 0.01196 -0.02596 0.99945
1504645602.804446 -0.26284 -0.47685 0.86017 -0.01746 0.01294 -0.02563 0.99944
1504645602.814503 -0.26492 -0.48063 0.86393 -0.01745 0.01313 -0.02631 0.99942
1504645602.824561 -0.26843 -0.48511 0.87271 -0.01656 0.01273 -0.02673 0.99942
1504645602.834642 -0.27152 -0.48775 0.88221 -0.01620 0.01317 -0.02663 0.99943
1504645602.844718 -0.27573 -0.49083 0.88769 -0.01559 0.01309 -0.02800 0.99940
1504645602.854774 -0.27806 -0.49543 0.88985 -0.01672 0.01457 -0.02714 0.99939
1504645602.864836 -0.28153 -0.50015 0.89862 -0.01802 0.01403 -0.02699 0.99937
1504645602.873908 -0.28468 -0.50303 0.90683 -0.01818 0.01407 -0.02850 0.99933
1504645602.883968 -0.28811 -0.50569 0.91464 -0.01732 0.01376 -0.02872 0.99934
1504645602.894077 -0.29144 -0.50729 0.91765 -0.01659 0.01484 -0.02948 0.99932
1504645602.904142 -0.29575 -0.50882 0.92500 -0.01708 0.01534 -0.02961 0.99930
1504645602.914204 -0.29958 -0.51119 0.93260 -0.01618 0.01577 -0.03116 0.99926
1504645602.924281 -0.30350 -0.51354 0.94001 -0.01600 0.01597 -0.03260 0.99921
1504645602.934347 -0.30707 -0.51609 0.94670 -0.01504 0.01581 -0.03243 0.99924
1504645602.944409 -0.31155 -0.51754 0.95386 -0.01429 0.01605 -0.03384 0.99920
1504645602.954470 -0.31473 -0.51844 0.95831 -0.01515 0.01769 -0.03345 0.99917
1504645602.964537 -0.31694 -0.52359 0.96319 -0.01555 0.01780 -0.03206 0.99921
1504645602.974597 -0.32143 -0.52634 0.97209 -0.01662 0.01709 -0.03347 0.99916
1504645602.984657 -0.32564 -0.52842 0.97793 -0.01567 0.01698 -0.03386 0.99916
1504645602.994732 -0.32948 -0.53118 0.98662 -0.01569 0.01668 -0.03481 0.99913
1504645603.004797 -0.33292 -0.53324 0.99180 -0.01680 0.01847 -0.03427 0.99910
1504645603.014861 -0.33717 -0.53587 1.00018 -0.01714 0.01767 -0.03378 0.99913
1504645603.023919 -0.34089 -0.53829 1.00314 -0.01665 0.01805 -0.03570 0.99906
1504645603.034014 -0.34482 -0.53983 1.01170 -0.01607 0.01796 -0.03465 0.99911
1504645603.044114 -0.35006 -0.54195 1.01890 -0.01633 0.01769 -0.03494 0.99910
1504645603.054218 -0.35288 -0.54467 1.02266 -0.01773 0.01889 -0.03448 0.99907
1504645603.064277 -0.35709 -0.54843 1.02875 -0.01788 0.01799 -0.03433 0.99909
1504645603.074336 -0.36134 -0.55067 1.03266 -0.01755 0.01825 -0.03406 0.99910
1504645603.084417 -0.36648 -0.55208 1.04036 -0.01645 0.01766 -0.03396 0.99913
1504645603.094486 -0.36988 -0.55325 1.04913 -0.01602 0.01669 -0.03311 0.99918
1504645603.104539 -0.37423 -0.55555 1.05533 -0.01679 0.01730 -0.03269 0.99917
1504645603.114597 -0.37967 -0.55947 1.05930 -0.01734 0.01679 -0.03317 0.99916
1504645603.124676 -0.38533 -0.56404 1.06652 -0.01787 0.01689 -0.03340 0.99914
1504645603.134724 -0.39178 -0.56831 1.07117 -0.01908 0.01741 -0.03276 0.99913
1504645603.144781 -0.39816 -0.57073 1.07805 -0.01809 0.01819 -0.03387 0.99910
1504645603.154837 -0.40480 -0.57292 1.08415 -0.01910 0.01990 -0.03354 0.99906
1504645603.163889 -0.41182 -0.57564 1.09368 -0.01887 0.02032 -0.03324 0.99906
1504645603.173960 -0.41675 -0.57853 1.10019 -0.01869 0.01975 -0.03214 0.99911
1504645603.184031 -0.42297 -0.58109 1.10498 -0.01885 0.01930 -0.03260 0.99910
1504645603.194144 -0.42821 -0.58230 1.11068 -0.01695 0.01882 -0.03225 0.99916
1504645603.204205 -0.43211 -0.58439 1.11653 -0.01778 0.01885 -0.03150 0.99917
1504645603.214262 -0.43891 -0.58644 1.12542 -0.01716 0.01841 -0.03095 0.99920
1504645603.224321 -0.44507 -0.58929 1.12973 -0.01715 0.01853 -0.03062 0.99921
1504645603.234382 -0.45247 -0.59310 1.13431 -0.01742 0.01959 -0.03020 0.99920
1504645603.244442 -0.46063 -0.59591 1.14268 -0.01695 0.01982 -0.03060 0.99919
1504645603.254499 -0.46832 -0.59562 1.14995 -0.01670 0.02053 -0.02952 0.99921
1504645603.264559 -0.47586 -0.59899 1.15647 -0.01524 0.02038 -0.02926 0.99925
1504645603.274638 -0.48232 -0.60315 1.15864 -0.01555 0.02020 -0.02570 0.99934
1504645603.284760 -0.48928 -0.60598 1.16368 -0.01521 0.01947 -0.02645 0.99934
1504645603.294825 -0.49582 -0.60917 1.16850 -0.01513 0.01915 -0.02505 0.99939
1504645603.303899 -0.50390 -0.61205 1.17381 -0.01651 0.02000 -0.02552 0.99934
1504645603.313987 -0.51122 -0.61565 1.18119 -0.01628 0.01985 -0.02583 0.99934
1504645603.324106 -0.52007 -0.61832 1.18527 -0.01633 0.02078 -0.02567 0.99932
1504645603.334164 -0.52774 -0.62085 1.19194 -0.01548 0.02103 -0.02406 0.99937
1504645603.344222 -0.53388 -0.62211 1.20077 -0.01512 0.01990 -0.02413 0.99940
1504645603.354307 -0.54083 -0.62282 1.20100 -0.01474 0.02089 -0.02275 0.99941
1504645603.364367 -0.54813 -0.62504 1.20964 -0.01447 0.02074 -0.02279 0.99942
1504645603.374428 -0.55480 -0.62565 1.21411 -0.01306 0.02008 -0.02342 0.99944
1504645603.384491 -0.56253 -0.62795 1.21844 -0.01294 0.02076 -0.02231 0.99945
1504645603.394602 -0.57195 -0.63146 1.22373 -0.01346 0.02182 -0.02137 0.99944
1504645603.404710 -0.57824 -0.63348 1.23062 -0.01430 0.02187 -0.02209 0.99941
1504645603.414791 -0.58596 -0.63685 1.23159 -0.01323 0.02150 -0.01979 0.99949
1504645603.424850 -0.59097 -0.63845 1.23696 -0.01353 0.02088 -0.01955 0.99950
1504645603.433946 -0.60039 -0.63918 1.24066 -0.01293 0.02090 -0.01980 0.99950
1504645603.444019 -0.60830 -0.64099 1.25100 -0.01292 0.02068 -0.01849 0.99953
1504645603.454083 -0.61343 -0.64304 1.25338 -0.01315 0.02117 -0.01897 0.99951
1504645603.464141 -0.62203 -0.64483 1.25456 -0.01242 0.02003 -0.01858 0.99955
1504645603.474199 -0.63125 -0.64657 1.25985 -0.01216 0.02106 -0.01887 0.99953
1504645603.484258 -0.64100 -0.65060 1.26417 -0.01243 0.02170 -0.01845 0.99952
1504645603.494321 -0.64998 -0.65327 1.26984 -0.01303 0.02265 -0.01752 0.99950
1504645603.504391 -0.65697 -0.65590 1.26983 -0.01286 0.02295 -0.01683 0.99951
1504645603.514478 -0.66240 -0.65787 1.27441 -0.01221 0.02096 -0.01516 0.99959
1504645603.524573 -0.67017 -0.65959 1.28350 -0.01178 0.02000 -0.01333 0.99964
1504645603.534697 -0.67660 -0.66056 1.28890 -0.01091 0.01976 -0.01322 0.99966
1504645603.544770 -0.68525 -0.66267 1.29038 -0.00957 0.01925 -0.01482 0.99966
1504645603.553866 -0.69341 -0.66466 1.29480 -0.01055 0.02110 -0.01278 0.99964
1504645603.563934 -0.70099 -0.66816 1.29772 -0.01060 0.02089 -0.01065 0.99967
1504645603.574052 -0.70936 -0.66961 1.30298 -0.01026 0.02102 -0.01155 0.99966
1504645603.584116 -0.71809 -0.67106 1.30728 -0.00927 0.02101 -0.01319 0.99965
1504645603.594178 -0.72594 -0.67380 1.31177 -0.00971 0.02143 -0.01062 0.99967
1504645603.604239 -0.73363 -0.67566 1.31308 -0.01036 0.02249 -0.01005 0.99964
1504645603.614306 -0.74103 -0.67788 1.31716 -0.01063 0.02164 -0.01045 0.99965
1504645603.624381 -0.74916 -0.67964 1.32185 -0.00984 0.02135 -0.01062 0.99967
1504645603.634440 -0.75736 -0.68061 1.32511 -0.00941 0.02083 -0.01100 0.99968
1504645603.644498 -0.76355 -0.68110 1.32701 -0.00878 0.02011 -0.01012 0.99971
1504645603.654558 -0.77031 -0.68079 1.33157 -0.00919 0.02090 -0.00909 0.99970
1504645603.664634 -0.77801 -0.68147 1.33452 -0.00879 0.02010 -0.00912 0.99972
1504645603.674695 -0.78624 -0.68232 1.33519 -0.00788 0.02102 -0.00995 0.99970
1504645603.684764 -0.79549 -0.68418 1.33992 -0.00796 0.02078 -0.01001 0.99970
1504645603.694820 -0.80380 -0.68735 1.34118 -0.00950 0.02079 -0.01128 0.99968
1504645603.703872 -0.80937 -0.68701 1.34436 -0.00951 0.02263 -0.01051 0.99964
1504645603.713940 -0.81607 -0.68923 1.34562 -0.00983 0.02216 -0.00935 0.99966
1504645603.724048 -0.82266 -0.68973 1.34822 -0.00965 0.02209 -0.01172 0.99964
1504645603.734111 -0.83052 -0.68967 1.35270 -0.01013 0.02181 -0.01090 0.99965
1504645603.744172 -0.83943 -0.69123 1.35552 -0.01003 0.02307 -0.01147 0.99962
1504645603.754254 -0.84861 -0.69166 1.35821 -0.01066 0.02384 -0.01276 0.99958
1504645603.764312 -0.85449 -0.69309 1.36037 -0.01030 0.02380 -0.01159 0.99960
1504645603.774372 -0.86124 -0.69439 1.36280 -0.01074 0.02359 -0.01123 0.99960
1504645603.784432 -0.86794 -0.69458 1.36610 -0.01020 0.02300 -0.01302 0.99960
1504645603.794492 -0.87479 -0.69645 1.36520 -0.01018 0.02312 -0.01301 0.99960
1504645603.804565 -0.88159 -0.69715 1.36950 -0.01067 0.02353 -0.01259 0.99959
1504645603.814647 -0.89031 -0.69739 1.37210 -0.01028 0.02431 -0.01385 0.99956
1504645603.824725 -0.89967 -0.69748 1.37446 -0.01046 0.02471 -0.01433 0.99954
1504645603.834792 -0.90649 -0.69889 1.37719 -0.00982 0.02532 -0.01525 0.99951
1504645603.843874 -0.91586 -0.70043 1.37648 -0.00979 0.02551 -0.01438 0.99952
1504645603.853982 -0.92236 -0.70116 1.37872 -0.01088 0.02603 -0.01472 0.99949
1504645603.864038 -0.92898 -0.70181 1.38140 -0.01090 0.02503 -0.01426 0.99953
1504645603.874096 -0.93651 -0.70261 1.38173 -0.01074 0.02544 -0.01528 0.99950
1504645603.884176 -0.94461 -0.70266 1.38378 -0.01029 0.02542 -0.01542 0.99950
1504645603.894265 -0.95290 -0.70293 1.38445 -0.01054 0.02493 -0.01543 0.99951
1504645603.904339 -0.95967 -0.70204 1.38889 -0.01098 0.02642 -0.01659 0.99945
1504645603.914438 -0.96610 -0.70190 1.38735 -0.01048 0.02669 -0.01667 0.99945
1504645603.924524 -0.97277 -0.70274 1.38728 -0.01010 0.02636 -0.01735 0.99945
1504645603.934694 -0.97901 -0.70268 1.38863 -0.01095 0.02542 -0.01834 0.99945
1504645603.944757 -0.98728 -0.70440 1.38925 -0.01122 0.02595 -0.01912 0.99942
1504645603.954819 -0.99509 -0.70468 1.39098 -0.01239 0.02696 -0.01847 0.99939
1504645603.963878 -1.00163 -0.70356 1.39183 -0.01198 0.02774 -0.01949 0.99935
1504645603.973936 -1.01000 -0.70429 1.39275 -0.01224 0.02752 -0.02099 0.99933
1504645603.984017 -1.01861 -0.70545 1.39106 -0.01261 0.02884 -0.02220 0.99926
1504645603.994075 -1.02741 -0.70583 1.39335 -0.01323 0.02959 -0.02185 0.99924
1504645604.004138 -1.03449 -0.70531 1.39362 -0.01323 0.03013 -0.02477 0.99915
1504645604.014200 -1.03933 -0.70590 1.39370 -0.01284 0.02984 -0.02327 0.99920
1504645604.024259 -1.04729 -0.70589 1.39581 -0.01295 0.02980 -0.02367 0.99919
1504645604.034317 -1.05608 -0.70546 1.39340 -0.01245 0.02977 -0.02481 0.99917
1504645604.044409 -1.06267 -0.70641 1.39393 -0.01231 0.03016 -0.02445 0.99917
1504645604.054483 -1.06895 -0.70702 1.39412 -0.01328 0.02921 -0.02487 0.99918
1504645604.064638 -1.07670 -0.70634 1.39508 -0.01301 0.02910 -0.02424 0.99920
1504645604.074734 -1.08562 -0.70574 1.39344 -0.01217 0.02944 -0.02438 0.99919
1504645604.084792 -1.09253 -0.70632 1.39394 -0.01244 0.02841 -0.02421 0.99923
1504645604.094851 -1.10138 -0.70716 1.39262 -0.01157 0.02871 -0.02193 0.99928
1504645604.103906 -1.10901 -0.70782 1.39117 -0.01233 0.02992 -0.02394 0.99919
1504645604.113997 -1.11710 -0.70687 1.39426 -0.01235 0.02932 -0.02334 0.99922
1504645604.124057 -1.12602 -0.70733 1.39300 -0.01191 0.02960 -0.02349 0.99921
1504645604.134115 -1.13426 -0.70720 1.39330 -0.01170 0.02891 -0.02309 0.99925
1504645604.144174 -1.14376 -0.70811 1.38971 -0.01153 0.02892 -0.02153 0.99928
1504645604.154232 -1.15105 -0.70741 1.39066 -0.01176 0.02931 -0.02223 0.99925
1504645604.164287 -1.16007 -0.70770 1.38950 -0.01171 0.02909 -0.02275 0.99925
1504645604.174347 -1.16897 -0.70799 1.38989 -0.01049 0.02873 -0.02130 0.99931
1504645604.184411 -1.17577 -0.70945 1.38800 -0.01084 0.02875 -0.02143 0.99930
1504645604.194502 -1.18471 -0.70936 1.38627 -0.01043 0.02792 -0.02034 0.99935
1504645604.204568 -1.19072 -0.70918 1.38527 -0.01015 0.02848 -0.02054 0.99933
1504645604.214622 -1.19807 -0.71105 1.38371 -0.01071 0.02775 -0.02007 0.99936
1504645604.224677 -1.20709 -0.71059 1.38177 -0.01000 0.02804 -0.01912 0.99937
1504645604.234744 -1.21539 -0.70993 1.38095 -0.00951 0.02788 -0.01971 0.99937
1504645604.244802 -1.22659 -0.70929 1.38009 -0.00893 0.02863 -0.02047 0.99934
1504645604.253859 -1.23451 -0.70875 1.37791 -0.00893 0.02944 -0.02152 0.99929
1504645604.263911 -1.24296 -0.70766 1.37790 -0.00827 0.02927 -0.02094 0.99932
1504645604.273992 -1.24892 -0.70726 1.37710 -0.00851 0.02905 -0.02070 0.99933
1504645604.284056 -1.25661 -0.70864 1.37184 -0.00825 0.02794 -0.01932 0.99939
1504645604.294119 -1.26485 -0.70791 1.37079 -0.00812 0.02773 -0.02112 0.99936
1504645604.304182 -1.27168 -0.70708 1.36827 -0.00764 0.02811 -0.02020 0.99937
1504645604.314241 -1.27986 -0.70671 1.36727 -0.00829 0.02817 -0.01965 0.99938
1504645604.324313 -1.28940 -0.70595 1.36444 -0.00828 0.02832 -0.02142 0.99933
1504645604.334425 -1.29771 -0.70634 1.36229 -0.00900 0.02856 -0.01922 0.99937
1504645604.344489 -1.30699 -0.70742 1.35689 -0.00931 0.02755 -0.01974 0.99938
1504645604.354554 -1.31613 -0.70783 1.35563 -0.01043 0.02884 -0.02017 0.99933
1504645604.364645 -1.32528 -0.70679 1.35441 -0.01055 0.02972 -0.02059 0.99929
1504645604.374711 -1.33401 -0.70455 1.35366 -0.01047 0.03012 -0.01972 0.99930
1504645604.384790 -1.34124 -0.70309 1.35013 -0.01011 0.02950 -0.02039 0.99931
1504645604.394878 -1.35082 -0.70270 1.34383 -0.00982 0.02914 -0.02072 0.99931
1504645604.403933 -1.35751 -0.70224 1.34213 -0.01135 0.03072 -0.01943 0.99927
1504645604.413979 -1.36484 -0.70213 1.34132 -0.01190 0.03030 -0.01989 0.99927
1504645604.424043 -1.37281 -0.70156 1.33788 -0.01228 0.02914 -0.02055 0.99929
1504645604.434114 -1.38165 -0.70180 1.33443 -0.01296 0.02939 -0.01922 0.99930
1504645604.444171 -1.39012 -0.70232 1.32838 -0.01351 0.02929 -0.01898 0.99930
1504645604.454242 -1.39702 -0.70127 1.32884 -0.01447 0.02987 -0.01939 0.99926
1504645604.464319 -1.40420 -0.70076 1.32273 -0.01401 0.02837 -0.01928 0.99931
1504645604.474380 -1.41349 -0.69940 1.31965 -0.01436 0.02886 -0.01974 0.99929
1504645604.484439 -1.42293 -0.69813 1.31809 -0.01458 0.03016 -0.01807 0.99928
1504645604.494497 -1.43037 -0.69784 1.31319 -0.01495 0.02895 -0.01951 0.99928
1504645604.504551 -1.43701 -0.69710 1.31128 -0.01554 0.02956 -0.01788 0.99928
1504645604.514627 -1.44492 -0.69695 1.30528 -0.01603 0.02902 -0.01850 0.99928
1504645604.524685 -1.45441 -0.69748 1.30176 -0.01644 0.02961 -0.01838 0.99926
1504645604.534745 -1.46209 -0.69563 1.30065 -0.01716 0.02978 -0.01840 0.99924
1504645604.544804 -1.47172 -0.69346 1.29573 -0.01728 0.02977 -0.02017 0.99920
1504645604.553856 -1.47951 -0.69267 1.29139 -0.01714 0.03118 -0.01914 0.99918
1504645604.563936 -1.48732 -0.69271 1.28484 -0.01738 0.03099 -0.01945 0.99918
1504645604.573994 -1.49543 -0.69222 1.28372 -0.01845 0.03025 -0.01966 0.99918
1504645604.584061 -1.50333 -0.69209 1.27976 -0.02002 0.03031 -0.02025 0.99913
1504645604.594124 -1.51212 -0.69281 1.27354 -0.02112 0.03004 -0.02048 0.99912
1504645604.604226 -1.52073 -0.69204 1.27118 -0.02172 0.03129 -0.02104 0.99905
1504645604.614298 -1.52846 -0.69121 1.26767 -0.02183 0.03124 -0.02060 0.99906
1504645604.624356 -1.53604 -0.68904 1.26019 -0.02173 0.03058 -0.02003 0.99910
1504645604.634412 -1.54483 -0.68678 1.25819 -0.02136 0.03067 -0.02122 0.99908
1504645604.644471 -1.55378 -0.68661 1.25311 -0.02150 0.03020 -0.02098 0.99909
1504645604.654528 -1.56150 -0.68549 1.24870 -0.02228 0.03101 -0.02005 0.99907
1504645604.664600 -1.57042 -0.68449 1.24444 -0.02270 0.03152 -0.02002 0.99904
1504645604.674658 -1.57857 -0.68498 1.23807 -0.02374 0.03080 -0.02006 0.99904
1504645604.684716 -1.58475 -0.68412 1.23584 -0.02433 0.03054 -0.01939 0.99905
1504645604.694815 -1.59366 -0.68394 1.22459 -0.02409 0.03019 -0.01833 0.99909
1504645604.703866 -1.60095 -0.68366 1.22124 -0.02485 0.03071 -0.01821 0.99905
1504645604.713950 -1.60894 -0.68084 1.22027 -0.02554 0.03007 -0.01919 0.99904
1504645604.724009 -1.61898 -0.67844 1.21577 -0.02516 0.03050 -0.02024 0.99901
1504645604.734090 -1.62829 -0.67653 1.20872 -0.02545 0.03137 -0.02152 0.99895
1504645604.744192 -1.63608 -0.67610 1.20470 -0.02600 0.03122 -0.02201 0.99893
1504645604.754249 -1.64425 -0.67438 1.19842 -0.02633 0.03216 -0.02187 0.99890
1504645604.764305 -1.65324 -0.67244 1.19423 -0.02683 0.03141 -0.02311 0.99888
1504645604.774365 -1.66089 -0.67039 1.18714 -0.02607 0.03124 -0.02272 0.99891
1504645604.784426 -1.66758 -0.66722 1.18225 -0.02532 0.03035 -0.02238 0.99897
1504645604.794485 -1.67543 -0.66544 1.17433 -0.02548 0.02993 -0.02289 0.99897
1504645604.804542 -1.68265 -0.66433 1.17042 -0.02617 0.03044 -0.02191 0.99895
1504645604.814615 -1.69057 -0.66488 1.16397 -0.02688 0.03087 -0.02259 0.99891
1504645604.824674 -1.69818 -0.66526 1.15751 -0.02749 0.03063 -0.02284 0.99889
1504645604.834735 -1.70791 -0.66409 1.15348 -0.02880 0.03082 -0.02218 0.99886
1504645604.844793 -1.71671 -0.66283 1.15024 -0.02923 0.03126 -0.02263 0.99883
1504645604.853846 -1.72419 -0.66186 1.14248 -0.03002 0.03148 -0.02363 0.99877
1504645604.863918 -1.73354 -0.66051 1.13644 -0.03020 0.03166 -0.02442 0.99874
1504645604.873978 -1.74282 -0.65889 1.13191 -0.03108 0.03109 -0.02483 0.99872
1504645604.884059 -1.75291 -0.65749 1.12264 -0.03122 0.03202 -0.02439 0.99870
1504645604.894117 -1.75963 -0.65686 1.11681 -0.03141 0.03214 -0.02451 0.99869
1504645604.904186 -1.76610 -0.65658 1.11046 -0.03224 0.03209 -0.02359 0.99869
1504645604.914262 -1.77405 -0.65437 1.10696 -0.03316 0.03156 -0.02512 0.99864
1504645604.924329 -1.78189 -0.65341 1.09753 -0.03315 0.03124 -0.02422 0.99867
1504645604.934396 -1.78845 -0.65164 1.09271 -0.03412 0.03029 -0.02344 0.99868
1504645604.944455 -1.79753 -0.65035 1.08428 -0.03418 0.03043 -0.02564 0.99862
1504645604.954511 -1.80492 -0.64842 1.07832 -0.03491 0.03082 -0.02428 0.99862
1504645604.964574 -1.81368 -0.64699 1.07190 -0.03505 0.02967 -0.02429 0.99865
1504645604.974631 -1.82277 -0.64424 1.06313 -0.03519 0.03016 -0.02594 0.99859
1504645604.984691 -1.83448 -0.64235 1.05823 -0.03584 0.03081 -0.02662 0.99853
1504645604.994748 -1.84343 -0.63934 1.05079 -0.03517 0.03171 -0.02558 0.99855
1504645605.004803 -1.85030 -0.63680 1.04544 -0.03517 0.03171 -0.02562 0.99855
1504645605.013853 -1.85888 -0.63358 1.03807 -0.03451 0.03109 -0.02677 0.99856
1504645605.023918 -1.86724 -0.63012 1.03544 -0.03549 0.03221 -0.02637 0.99850
1504645605.033993 -1.87762 -0.62841 1.02437 -0.03468 0.03186 -0.02764 0.99851
1504645605.044051 -1.88651 -0.62676 1.01919 -0.03559 0.03207 -0.02771 0.99847
1504645605.054105 -1.89321 -0.62620 1.01096 -0.03633 0.03205 -0.02861 0.99842
1504645605.064161 -1.90047 -0.62684 1.00219 -0.03767 0.03110 -0.02731 0.99843
1504645605.074222 -1.91065 -0.62559 0.99619 -0.03820 0.03096 -0.02785 0.99840
1504645605.084288 -1.91906 -0.62329 0.99077 -0.03869 0.03082 -0.02795 0.99838
1504645605.094349 -1.92812 -0.62182 0.98317 -0.03904 0.03122 -0.02785 0.99836
1504645605.104426 -1.93464 -0.62092 0.97464 -0.03930 0.03163 -0.02711 0.99836
1504645605.114554 -1.94327 -0.61766 0.97162 -0.04025 0.03186 -0.02678 0.99832
1504645605.124616 -1.95228 -0.61532 0.95986 -0.03919 0.03183 -0.02737 0.99835
1504645605.134675 -1.96013 -0.61080 0.95617 -0.03952 0.03094 -0.02780 0.99835
1504645605.144736 -1.97004 -0.60762 0.94898 -0.03938 0.03002 -0.02888 0.99836
1504645605.154794 -1.97737 -0.60575 0.93894 -0.04012 0.03171 -0.02741 0.99832
1504645605.163914 -1.98864 -0.60402 0.93521 -0.04067 0.03248 -0.02754 0.99826
1504645605.173977 -1.99890 -0.60282 0.92664 -0.04153 0.03259 -0.02842 0.99820
1504645605.184035 -2.00722 -0.60041 0.91953 -0.04274 0.03241 -0.02830 0.99816
1504645605.194094 -2.01652 -0.59734 0.91058 -0.04278 0.03199 -0.02702 0.99821
1504645605.204150 -2.02409 -0.59453 0.90499 -0.04351 0.03231 -0.02705 0.99816
1504645605.214203 -2.03174 -0.59133 0.89669 -0.04387 0.03233 -0.02687 0.99815
1504645605.224262 -2.04479 -0.58714 0.88958 -0.04488 0.03270 -0.02755 0.99808
1504645605.234321 -2.05448 -0.58387 0.88119 -0.04520 0.03262 -0.02489 0.99814
1504645605.244378 -2.06383 -0.58065 0.87350 -0.04607 0.03256 -0.02565 0.99808
1504645605.254457 -2.07047 -0.57843 0.86999 -0.04671 0.03142 -0.02330 0.99814
1504645605.264545 -2.07968 -0.57650 0.86200 -0.04832 0.03182 -0.02353 0.99805
1504645605.274605 -2.08974 -0.57410 0.85475 -0.04852 0.03091 -0.02347 0.99807
1504645605.284664 -2.09902 -0.57092 0.84676 -0.04970 0.03120 -0.02217 0.99803
1504645605.294724 -2.10725 -0.56673 0.83700 -0.04932 0.03061 -0.02302 0.99805
1504645605.304788 -2.11575 -0.56486 0.83045 -0.04999 0.03024 -0.02076 0.99808
1504645605.314845 -2.12581 -0.56225 0.82166 -0.05063 0.03080 -0.01859 0.99807
1504645605.323911 -2.13353 -0.55792 0.81740 -0.05098 0.03014 -0.01882 0.99807
1504645605.333970 -2.14425 -0.55323 0.81367 -0.05065 0.02888 -0.01825 0.99813
1504645605.344028 -2.15265 -0.54964 0.80054 -0.05039 0.02973 -0.01710 0.99814
1504645605.354130 -2.15919 -0.54640 0.79974 -0.05069 0.02898 -0.01580 0.99817
1504645605.364191 -2.17148 -0.54476 0.78943 -0.05172 0.02859 -0.01686 0.99811
1504645605.374273 -2.18100 -0.54273 0.77879 -0.05171 0.02902 -0.01419 0.99814
1504645605.384350 -2.19158 -0.54150 0.77418 -0.05268 0.02946 -0.01405 0.99808
1504645605.394410 -2.19815 -0.53968 0.76852 -0.05379 0.02889 -0.01401 0.99804
1504645605.404469 -2.20621 -0.53882 0.75814 -0.05498 0.02744 -0.01382 0.99801
1504645605.414528 -2.21189 -0.53632 0.75393 -0.05451 0.02774 -0.01108 0.99807
1504645605.424586 -2.21923 -0.53304 0.74569 -0.05523 0.02567 -0.01267 0.99806
1504645605.434648 -2.22759 -0.53244 0.73509 -0.05614 0.02509 -0.01074 0.99805
1504645605.444728 -2.23930 -0.52724 0.72748 -0.05554 0.02565 -0.01087 0.99807
1504645605.454786 -2.24968 -0.52340 0.72249 -0.05604 0.02702 -0.00927 0.99802
1504645605.464842 -2.25939 -0.51839 0.72060 -0.05573 0.02781 -0.00877 0.99802
1504645605.473909 -2.26634 -0.51390 0.71093 -0.05589 0.02715 -0.00946 0.99802
1504645605.483969 -2.27390 -0.50816 0.70463 -0.05593 0.02515 -0.00858 0.99808
1504645605.494047 -2.28124 -0.50232 0.69760 -0.05497 0.02546 -0.00800 0.99813
1504645605.504122 -2.28840 -0.50105 0.69170 -0.05570 0.02474 -0.00749 0.99811
1504645605.514180 -2.29768 -0.49868 0.68158 -0.05720 0.02391 -0.00488 0.99806
1504645605.524239 -2.30615 -0.49555 0.67460 -0.05796 0.02378 -0.00646 0.99802
1504645605.534297 -2.31209 -0.49352 0.66605 -0.05881 0.02283 -0.00557 0.99799
1504645605.544356 -2.31971 -0.49258 0.65707 -0.05885 0.02253 -0.00314 0.99801
1504645605.554433 -2.32671 -0.48947 0.64929 -0.06016 0.02320 -0.00249 0.99792
1504645605.564530 -2.33683 -0.48605 0.64324 -0.05913 0.02389 0.00014 0.99796
1504645605.574638 -2.34586 -0.48138 0.63810 -0.05974 0.02305 -0.00123 0.99795
1504645605.584696 -2.35280 -0.47503 0.62834 -0.05959 0.02231 -0.00040 0.99797
1504645605.594754 -2.36124 -0.47164 0.61954 -0.05831 0.02277 0.00034 0.99804
1504645605.604810 -2.36657 -0.46938 0.61349 -0.06004 0.02208 -0.00130 0.99795
1504645605.614883 -2.37278 -0.46725 0.60518 -0.06012 0.02128 0.00069 0.99796
1504645605.623935 -2.38231 -0.46469 0.59889 -0.06118 0.02083 0.00077 0.99791
1504645605.633992 -2.38903 -0.46063 0.59500 -0.06093 0.02133 -0.00019 0.99791
1504645605.644051 -2.39325 -0.45699 0.58892 -0.06107 0.02091 0.00103 0.99791
1504645605.654105 -2.39695 -0.45257 0.58141 -0.06042 0.01999 0.00080 0.99797
1504645605.664162 -2.40323 -0.44931 0.57395 -0.05994 0.01941 0.00219 0.99801
1504645605.674221 -2.40951 -0.44658 0.56975 -0.06092 0.01984 0.00181 0.99794
1504645605.684293 -2.41937 -0.44461 0.55635 -0.06120 0.01996 0.00229 0.99792
1504645605.694360 -2.42525 -0.43965 0.55096 -0.06191 0.01970 0.00240 0.99788
1504645605.704419 -2.43089 -0.43781 0.54563 -0.06205 0.02011 0.00271 0.99787
1504645605.714501 -2.43763 -0.43531 0.53667 -0.06218 0.01990 0.00519 0.99785
1504645605.724584 -2.43977 -0.42950 0.53194 -0.06174 0.01970 0.00428 0.99789
1504645605.734671 -2.44549 -0.42401 0.52588 -0.06120 0.01830 0.00478 0.99795
1504645605.744735 -2.45018 -0.41915 0.52088 -0.06021 0.01871 0.00450 0.99800
1504645605.754794 -2.45856 -0.41606 0.51095 -0.06100 0.01894 0.00487 0.99795
1504645605.764882 -2.46542 -0.41376 0.50338 -0.06175 0.01992 0.00475 0.99788
1504645605.773936 -2.46799 -0.40993 0.49577 -0.06247 0.01815 0.00388 0.99787
1504645605.783995 -2.47218 -0.40567 0.48631 -0.06201 0.01614 0.00561 0.99793
1504645605.794053 -2.48067 -0.40148 0.47885 -0.06167 0.01717 0.00516 0.99794
1504645605.804133 -2.48678 -0.39660 0.47490 -0.06187 0.01851 0.00504 0.99790
1504645605.814189 -2.49031 -0.39335 0.47286 -0.06224 0.01879 0.00453 0.99787
1504645605.824276 -2.49716 -0.39174 0.45915 -0.06303 0.01742 0.00435 0.99785
1504645605.834338 -2.50112 -0.38963 0.45543 -0.06342 0.01769 0.00581 0.99781
1504645605.844397 -2.50422 -0.38476 0.44939 -0.06385 0.01660 0.00451 0.99781
1504645605.854490 -2.50713 -0.38193 0.44454 -0.06357 0.01720 0.00547 0.99781
1504645605.864547 -2.51171 -0.38006 0.43539 -0.06429 0.01683 0.00637 0.99777
1504645605.874611 -2.51893 -0.37849 0.42297 -0.06526 0.01665 0.00569 0.99771
1504645605.884672 -2.52638 -0.37355 0.41674 -0.06519 0.01790 0.00396 0.99770
1504645605.894735 -2.53067 -0.36831 0.41222 -0.06454 0.01771 0.00554 0.99774
1504645605.904794 -2.53780 -0.36286 0.40618 -0.06440 0.01883 0.00405 0.99774
1504645605.913883 -2.54218 -0.35865 0.40202 -0.06367 0.01975 0.00416 0.99777
1504645605.923947 -2.54773 -0.35417 0.38848 -0.06292 0.01843 0.00377 0.99784
1504645605.934006 -2.55011 -0.34911 0.38589 -0.06272 0.01823 0.00498 0.99785
1504645605.944089 -2.55304 -0.34469 0.37616 -0.06311 0.01756 0.00505 0.99784
1504645605.954157 -2.55569 -0.34334 0.37490 -0.06411 0.01776 0.00554 0.99777
1504645605.964219 -2.56190 -0.34028 0.36880 -0.06512 0.01737 0.00592 0.99771
1504645605.974284 -2.56633 -0.33624 0.35768 -0.06508 0.01756 0.00397 0.99772
1504645605.984417 -2.57081 -0.33157 0.35265 -0.06390 0.01749 0.00568 0.99779
1504645605.994530 -2.57529 -0.32947 0.34157 -0.06437 0.01650 0.00569 0.99777
1504645606.004587 -2.57879 -0.32483 0.33595 -0.06395 0.01726 0.00441 0.99779
1504645606.014646 -2.58144 -0.31961 0.33008 -0.06492 0.01655 0.00458 0.99774
1504645606.024704 -2.58446 -0.31629 0.32379 -0.06441 0.01724 0.00843 0.99774
1504645606.034767 -2.58792 -0.31346 0.31609 -0.06395 0.01649 0.00692 0.99779
1504645606.043861 -2.59257 -0.30812 0.30851 -0.06620 0.01577 0.00658 0.99766
1504645606.053918 -2.59566 -0.30443 0.30344 -0.06582 0.01726 0.00690 0.99766
1504645606.063975 -2.59936 -0.30007 0.29696 -0.06585 0.01688 0.00607 0.99767
1504645606.074045 -2.60394 -0.29720 0.28832 -0.06527 0.01659 0.00602 0.99771
1504645606.084155 -2.60751 -0.29588 0.27670 -0.06626 0.01667 0.00744 0.99764
1504645606.094238 -2.60863 -0.29078 0.27365 -0.06670 0.01575 0.00846 0.99761
1504645606.104331 -2.61018 -0.28631 0.26716 -0.06529 0.01527 0.00920 0.99771
1504645606.114393 -2.61282 -0.28142 0.26026 -0.06517 0.01452 0.00877 0.99773
1504645606.124534 -2.61593 -0.27786 0.25376 -0.06630 0.01491 0.00987 0.99764
1504645606.134605 -2.62000 -0.27524 0.24486 -0.06622 0.01364 0.00935 0.99767
1504645606.144672 -2.62541 -0.27085 0.23571 -0.06707 0.01470 0.00749 0.99761
1504645606.154731 -2.62925 -0.26470 0.23304 -0.06578 0.01588 0.00762 0.99768
1504645606.164790 -2.63322 -0.26267 0.22557 -0.06543 0.01610 0.00832 0.99769
1504645606.174876 -2.63751 -0.25871 0.21751 -0.06570 0.01599 0.00764 0.99768
1504645606.183928 -2.63827 -0.25417 0.21066 -0.06563 0.01498 0.00770 0.99770
1504645606.193987 -2.64101 -0.24962 0.20546 -0.06578 0.01460 0.00845 0.99769
1504645606.204051 -2.64279 -0.24803 0.19662 -0.06526 0.01479 0.01071 0.99770
1504645606.214118 -2.64363 -0.24464 0.19038 -0.06441 0.01375 0.01016 0.99778
1504645606.224180 -2.64526 -0.24030 0.17961 -0.06515 0.01196 0.01016 0.99775
1504645606.234272 -2.64684 -0.23536 0.17637 -0.06463 0.01186 0.01223 0.99776
1504645606.244336 -2.64923 -0.22874 0.16938 -0.06401 0.01198 0.01213 0.99780
1504645606.254400 -2.65215 -0.22381 0.16019 -0.06277 0.01216 0.01331 0.99786
1504645606.264495 -2.65593 -0.22054 0.15481 -0.06397 0.01274 0.01189 0.99780
1504645606.274552 -2.65977 -0.21688 0.14535 -0.06437 0.01309 0.01249 0.99776
1504645606.284607 -2.66227 -0.21280 0.14186 -0.06430 0.01280 0.01347 0.99776
1504645606.294665 -2.66227 -0.20700 0.13557 -0.06401 0.01205 0.01330 0.99779
1504645606.304736 -2.66366 -0.20268 0.12926 -0.06332 0.01194 0.01471 0.99781
1504645606.314807 -2.66505 -0.19797 0.11930 -0.06322 0.01187 0.01348 0.99784
1504645606.323895 -2.66616 -0.19324 0.11192 -0.06357 0.01045 0.01419 0.99782
1504645606.333960 -2.66820 -0.18805 0.10765 -0.06276 0.01041 0.01657 0.99784
1504645606.344054 -2.66779 -0.18530 0.10247 -0.06339 0.00978 0.01592 0.99781
1504645606.354159 -2.66897 -0.18105 0.09339 -0.06353 0.00841 0.01745 0.99779
1504645606.364216 -2.67041 -0.17748 0.08300 -0.06334 0.00815 0.01717 0.99781
1504645606.374276 -2.67249 -0.17286 0.07875 -0.06315 0.00886 0.01805 0.99780
1504645606.384337 -2.67549 -0.16767 0.06815 -0.06378 0.00874 0.01778 0.99777
1504645606.394396 -2.67702 -0.16236 0.06349 -0.06354 0.00985 0.01747 0.99778
1504645606.404466 -2.67830 -0.15908 0.06006 -0.06305 0.00978 0.01768 0.99781
1504645606.414524 -2.67768 -0.15506 0.05284 -0.06235 0.00910 0.01886 0.99783
1504645606.424582 -2.67730 -0.14940 0.04316 -0.06168 0.00864 0.02056 0.99785
1504645606.434640 -2.67635 -0.14389 0.03535 -0.06017 0.00790 0.02256 0.99790
1504645606.444700 -2.67715 -0.13748 0.02606 -0.06041 0.00611 0.01868 0.99798
1504645606.454760 -2.67888 -0.13123 0.02529 -0.05826 0.00687 0.01940 0.99809
1504645606.464820 -2.67874 -0.12841 0.01465 -0.05869 0.00743 0.02195 0.99801
1504645606.473893 -2.67858 -0.12474 0.00973 -0.06001 0.00591 0.02270 0.99792
1504645606.483992 -2.68023 -0.12163 -0.00198 -0.06082 0.00626 0.02260 0.99787
1504645606.494091 -2.68081 -0.12000 -0.01107 -0.06151 0.00587 0.02395 0.99780
1504645606.504170 -2.67984 -0.11424 -0.01680 -0.06084 0.00514 0.02350 0.99786
1504645606.514278 -2.68033 -0.10689 -0.02490 -0.05951 0.00441 0.02287 0.99796
1504645606.524342 -2.68061 -0.09985 -0.03223 -0.05792 0.00408 0.02394 0.99803
1504645606.534468 -2.67921 -0.09324 -0.03812 -0.05679 0.00326 0.02288 0.99812
1504645606.544528 -2.67969 -0.08786 -0.04490 -0.05638 0.00405 0.02598 0.99806
1504645606.554604 -2.67833 -0.08339 -0.04974 -0.05522 0.00278 0.02584 0.99814
1504645606.564662 -2.67686 -0.07929 -0.05860 -0.05429 0.00184 0.02891 0.99810
1504645606.574720 -2.67624 -0.07334 -0.06955 -0.05461 0.00091 0.02699 0.99814
1504645606.584786 -2.67588 -0.06892 -0.07632 -0.05570 -0.00077 0.02536 0.99813
1504645606.594839 -2.67609 -0.06467 -0.08560 -0.05590 0.00025 0.02601 0.99810
1504645606.603915 -2.67725 -0.06062 -0.08886 -0.05569 0.00090 0.02658 0.99809
1504645606.614001 -2.67688 -0.05502 -0.09586 -0.05591 0.00116 0.02819 0.99804
1504645606.624059 -2.67634 -0.05171 -0.10242 -0.05606 0.00007 0.02845 0.99802
1504645606.634145 -2.67686 -0.04872 -0.11336 -0.05634 -0.00058 0.02905 0.99799
1504645606.644204 -2.67722 -0.04345 -0.11309 -0.05646 0.00066 0.02803 0.99801
1504645606.654263 -2.67490 -0.04029 -0.12027 -0.05485 0.00131 0.03208 0.99798
1504645606.664320 -2.67450 -0.03620 -0.12869 -0.05669 0.00057 0.03206 0.99788
1504645606.674380 -2.67339 -0.02975 -0.13814 -0.05613 -0.00087 0.03019 0.99797
1504645606.684457 -2.67098 -0.02346 -0.14736 -0.05535 -0.00214 0.03102 0.99798
1504645606.694518 -2.66674 -0.01840 -0.15260 -0.05486 -0.00288 0.03144 0.99800
1504645606.704576 -2.66581 -0.01554 -0.16251 -0.05513 -0.00398 0.03122 0.99798
1504645606.714634 -2.66713 -0.01084 -0.16743 -0.05499 -0.00385 0.02971 0.99804
1504645606.724692 -2.66617 -0.00493 -0.17298 -0.05332 -0.00393 0.03210 0.99805
1504645606.734746 -2.66440 0.00198 -0.18033 -0.05405 -0.00343 0.03064 0.99806
1504645606.744842 -2.66416 0.00772 -0.18825 -0.05269 -0.00381 0.03106 0.99812
1504645606.753903 -2.66247 0.01195 -0.19640 -0.05214 -0.00415 0.03063 0.99816
1504645606.763962 -2.66297 0.01381 -0.20235 -0.05163 -0.00441 0.03445 0.99806
1504645606.774045 -2.66224 0.01669 -0.21367 -0.05275 -0.00327 0.03390 0.99803
1504645606.784141 -2.65961 0.02193 -0.22177 -0.05327 -0.00474 0.03414 0.99799
1504645606.794203 -2.65707 0.02690 -0.22842 -0.05260 -0.00551 0.03388 0.99803
1504645606.804278 -2.65560 0.03240 -0.23392 -0.05213 -0.00508 0.03376 0.99806
1504645606.814336 -2.65651 0.03664 -0.23881 -0.05257 -0.00303 0.03502 0.99800
1504645606.824455 -2.65914 0.03877 -0.25460 -0.05262 -0.00386 0.03388 0.99803
1504645606.834571 -2.65714 0.03954 -0.26870 -0.05549 -0.00442 0.03413 0.99787
1504645606.844663 -2.65566 0.04133 -0.27508 -0.05696 -0.00415 0.03543 0.99774
1504645606.854722 -2.65322 0.04476 -0.28059 -0.05671 -0.00394 0.03738 0.99768
1504645606.864842 -2.64846 0.04707 -0.29045 -0.05691 -0.00619 0.03752 0.99765
1504645606.873897 -2.64606 0.05193 -0.30462 -0.05655 -0.00726 0.03884 0.99762
1504645606.883953 -2.64740 0.05535 -0.32122 -0.05630 -0.00775 0.03952 0.99760
1504645606.894017 -2.64687 0.05864 -0.33479 -0.05677 -0.00825 0.03816 0.99762
1504645606.904074 -2.64567 0.06355 -0.33638 -0.05748 -0.00757 0.03488 0.99771
1504645606.914129 -2.64466 0.06650 -0.33927 -0.05749 -0.00625 0.03751 0.99762
1504645606.924187 -2.64574 0.06610 -0.35328 -0.05747 -0.00545 0.04159 0.99747
1504645606.934254 -2.64599 0.06822 -0.35957 -0.05788 -0.00441 0.04400 0.99734
1504645606.944312 -2.64387 0.07031 -0.37157 -0.05734 -0.00493 0.04490 0.99733
1504645606.954373 -2.63849 0.07515 -0.37254 -0.05642 -0.00472 0.04405 0.99742
1504645606.964439 -2.63624 0.07940 -0.38136 -0.05538 -0.00603 0.04680 0.99735
1504645606.974517 -2.63388 0.08335 -0.39110 -0.05593 -0.00657 0.04614 0.99735
1504645606.984576 -2.62976 0.08875 -0.39819 -0.05433 -0.00632 0.04801 0.99735
1504645606.994635 -2.62704 0.09412 -0.40934 -0.05431 -0.00754 0.04466 0.99750
1504645607.004698 -2.62381 0.09684 -0.41455 -0.05456 -0.00640 0.04470 0.99749
1504645607.013869 -2.62310 0.09985 -0.42038 -0.05349 -0.00580 0.04737 0.99743
1504645607.023976 -2.61903 0.10346 -0.43223 -0.05412 -0.00650 0.04695 0.99741
1504645607.034035 -2.61337 0.10649 -0.43918 -0.05415 -0.00797 0.04632 0.99743
1504645607.044096 -2.61128 0.10956 -0.44362 -0.05409 -0.00600 0.04749 0.99739
1504645607.054152 -2.60995 0.11248 -0.45144 -0.05326 -0.00711 0.04880 0.99736
1504645607.064209 -2.60690 0.11963 -0.45300 -0.05135 -0.00652 0.04711 0.99755
1504645607.074269 -2.60465 0.12468 -0.46518 -0.05147 -0.00553 0.04604 0.99760
1504645607.084329 -2.59834 0.12807 -0.46999 -0.05268 -0.00616 0.04592 0.99754
1504645607.094406 -2.59332 0.13119 -0.47913 -0.05336 -0.00786 0.04241 0.99764
1504645607.104485 -2.59047 0.13371 -0.48584 -0.05373 -0.00632 0.04224 0.99764
1504645607.114540 -2.58988 0.13607 -0.49061 -0.05359 -0.00608 0.04482 0.99754
1504645607.124598 -2.58655 0.13933 -0.49973 -0.05265 -0.00565 0.04902 0.99739
1504645607.134744 -2.58301 0.14230 -0.51686 -0.05278 -0.00753 0.05052 0.99730
1504645607.144836 -2.57626 0.14501 -0.53054 -0.05205 -0.01023 0.05164 0.99726
1504645607.154893 -2.57183 0.15008 -0.53661 -0.05205 -0.00966 0.05001 0.99734
1504645607.163947 -2.56834 0.15318 -0.54065 -0.05171 -0.00983 0.05045 0.99734
1504645607.174001 -2.56637 0.15715 -0.54600 -0.05036 -0.00912 0.05249 0.99731
1504645607.184059 -2.56345 0.16191 -0.55466 -0.04854 -0.00903 0.05310 0.99737
1504645607.194124 -2.56103 0.16554 -0.56838 -0.05068 -0.00823 0.04919 0.99747
1504645607.208205 -2.55635 0.16548 -0.57626 -0.05217 -0.00737 0.05137 0.99729
1504645607.213246 -2.55279 0.16631 -0.57439 -0.05159 -0.00771 0.05296 0.99723
1504645607.223343 -2.55040 0.17014 -0.57280 -0.05122 -0.00688 0.05422 0.99719
1504645607.233467 -2.54807 0.17410 -0.57601 -0.04948 -0.00586 0.05589 0.99719
1504645607.243530 -2.54793 0.17737 -0.59121 -0.04798 -0.00419 0.05694 0.99722
1504645607.253646 -2.54275 0.18212 -0.59686 -0.04833 -0.00528 0.05467 0.99732
1504645607.263703 -2.53591 0.18792 -0.60043 -0.04828 -0.00596 0.05270 0.99742
1504645607.273817 -2.52810 0.19052 -0.60962 -0.04812 -0.00559 0.05071 0.99754
1504645607.283897 -2.52276 0.19234 -0.62088 -0.05032 -0.00671 0.04825 0.99754
1504645607.293960 -2.51775 0.19598 -0.63071 -0.05127 -0.00579 0.04501 0.99765
1504645607.303036 -2.51669 0.19740 -0.63524 -0.05076 -0.00631 0.04871 0.99750
1504645607.313098 -2.51331 0.20085 -0.64417 -0.04965 -0.00465 0.05254 0.99737
1504645607.323161 -2.50824 0.20335 -0.65860 -0.05093 -0.00518 0.04660 0.99760
1504645607.333260 -2.50427 0.20715 -0.66728 -0.05206 -0.00367 0.04256 0.99773
1504645607.343377 -2.49939 0.21021 -0.66903 -0.05187 -0.00432 0.04400 0.99767
1504645607.353437 -2.49482 0.21296 -0.67521 -0.05139 -0.00384 0.04574 0.99762
1504645607.363555 -2.49178 0.21578 -0.67918 -0.04916 -0.00346 0.04986 0.99754
1504645607.373649 -2.48991 0.21892 -0.68409 -0.04865 -0.00177 0.05238 0.99744
1504645607.383822 -2.48330 0.22408 -0.69097 -0.04742 -0.00335 0.05094 0.99757
1504645607.393947 -2.47263 0.22831 -0.70945 -0.04823 -0.00498 0.04796 0.99767
1504645607.403079 -2.46240 0.23167 -0.72386 -0.04951 -0.00669 0.04486 0.99774
1504645607.413167 -2.45127 0.23412 -0.73170 -0.04949 -0.00923 0.04559 0.99769
