1518196819.380999252 -0.00268 0.00402 0.00329 -0.00347 -0.00170 0.00270 0.99999
1518196819.391036176 -0.00431 0.00398 0.01102 -0.00546 -0.00179 0.00222 0.99998
1518196819.401046552 -0.00373 0.00389 0.01409 -0.00709 -0.00236 -0.00078 0.99997
1518196819.411052619 -0.00438 0.00400 0.01476 -0.00793 -0.00366 0.00082 0.99996
1518196819.421067435 -0.00499 0.00430 0.01611 -0.00967 -0.00476 0.00098 0.99994
1518196819.431082296 -0.00574 0.00483 0.02683 -0.01171 -0.00491 0.00033 0.99992
1518196819.441097104 -0.00609 0.00516 0.02412 -0.01325 -0.00651 -0.00068 0.99989
1518196819.451111850 -0.00562 0.00539 0.02619 -0.01532 -0.00728 -0.00014 0.99986
1518196819.461145099 -0.00709 0.00665 0.03216 -0.01595 -0.00849 0.00006 0.99984
1518196819.471151882 -0.00786 0.00865 0.03446 -0.01837 -0.00865 -0.00137 0.99979
1518196819.481203752 -0.00780 0.00918 0.03835 -0.01921 -0.01024 0.00011 0.99976
1518196819.491283258 -0.00784 0.01097 0.03412 -0.02113 -0.01055 0.00105 0.99972
1518196819.511327609 -0.00826 0.01428 0.04392 -0.02464 -0.01211 -0.00135 0.99962
1518196819.521386877 -0.00961 0.01603 0.05109 -0.02551 -0.01158 0.00359 0.99960
1518196819.531441595 -0.01163 0.01768 0.05450 -0.02727 -0.01244 0.00091 0.99955
1518196819.541463922 -0.00931 0.01777 0.05397 -0.02928 -0.01317 0.00183 0.99948
1518196819.551519376 -0.00624 0.01956 0.05684 -0.03053 -0.01480 0.00071 0.99942
1518196819.561576918 -0.00746 0.02055 0.05667 -0.03325 -0.01481 0.00250 0.99933
1518196819.571638866 -0.00626 0.02262 0.05990 -0.03474 -0.01604 0.00369 0.99926
1518196819.581697950 -0.00505 0.02217 0.06057 -0.03613 -0.01628 0.00593 0.99920
1518196819.591769379 -0.00533 0.02404 0.06753 -0.03892 -0.01510 0.00465 0.99912
1518196819.601860435 -0.00336 0.02562 0.06136 -0.04010 -0.01659 0.00581 0.99904
1518196819.611913794 -0.00428 0.02527 0.06432 -0.04198 -0.01724 0.00832 0.99894
1518196819.621967664 -0.00317 0.02596 0.07067 -0.04429 -0.01704 0.00712 0.99885
1518196819.632024383 -0.00267 0.02795 0.07703 -0.04677 -0.01724 0.00711 0.99873
1518196819.642077968 -0.00212 0.02945 0.07133 -0.04754 -0.01801 0.00798 0.99868
1518196819.652131530 -0.00134 0.03240 0.07737 -0.04903 -0.01660 0.00862 0.99862
1518196819.662183513 -0.00064 0.03343 0.07938 -0.05070 -0.01651 0.00754 0.99855
1518196819.672241858 0.00087 0.03499 0.08286 -0.05243 -0.01504 0.01074 0.99845
1518196819.682280653 0.00326 0.03592 0.08007 -0.05265 -0.01533 0.01447 0.99839
1518196819.692284838 0.00618 0.03860 0.08498 -0.05508 -0.01459 0.01332 0.99829
1518196819.702287031 0.01011 0.03864 0.08048 -0.05608 -0.01580 0.01172 0.99823
1518196819.712293604 0.00966 0.04029 0.08375 -0.05860 -0.01547 0.01380 0.99807
1518196819.722296301 0.01297 0.04164 0.08700 -0.06056 -0.01354 0.01524 0.99796
1518196819.732318533 0.01344 0.04288 0.07844 -0.06209 -0.01238 0.01530 0.99788
1518196819.742373477 0.01452 0.04415 0.08097 -0.06284 -0.01198 0.01556 0.99783
1518196819.752429258 0.01967 0.04656 0.09315 -0.06470 -0.01138 0.01537 0.99772
1518196819.762489030 0.02248 0.04938 0.09714 -0.06466 -0.01172 0.02009 0.99764
1518196819.772552956 0.02340 0.05072 0.09771 -0.06551 -0.01033 0.01795 0.99764
1518196819.782572317 0.02432 0.05300 0.09408 -0.06656 -0.00937 0.02283 0.99748
1518196819.792614915 0.02877 0.05357 0.09438 -0.06895 -0.00808 0.02365 0.99731
1518196819.802669480 0.03049 0.05593 0.10556 -0.07034 -0.00640 0.02208 0.99726
1518196819.812722495 0.03069 0.05758 0.11367 -0.07201 -0.00472 0.02611 0.99705
1518196819.822775071 0.03527 0.05692 0.10500 -0.07289 -0.00242 0.02721 0.99697
1518196819.832832006 0.03537 0.05746 0.10165 -0.07412 -0.00219 0.02637 0.99690
1518196819.842889390 0.03899 0.05859 0.09152 -0.07571 0.00004 0.03231 0.99661
1518196819.852948943 0.04269 0.06087 0.10018 -0.07737 0.00157 0.02775 0.99661
1518196819.863007309 0.04559 0.06056 0.11237 -0.07761 0.00273 0.02780 0.99659
1518196819.873065393 0.04860 0.06161 0.10675 -0.07913 0.00488 0.02943 0.99642
1518196819.883118107 0.05184 0.06422 0.11183 -0.07893 0.00713 0.03416 0.99627
1518196819.893170867 0.05473 0.06305 0.11056 -0.08023 0.00793 0.03096 0.99626
1518196819.903227181 0.05876 0.06319 0.11502 -0.08167 0.00821 0.02955 0.99619
1518196819.913265252 0.06205 0.06209 0.11476 -0.08191 0.00963 0.03111 0.99611
1518196819.923268674 0.06464 0.06091 0.10945 -0.08365 0.01142 0.03592 0.99578
1518196819.933322824 0.06532 0.06296 0.11689 -0.08431 0.01355 0.03258 0.99581
1518196819.943361467 0.06928 0.06269 0.11678 -0.08441 0.01514 0.03479 0.99571
1518196819.953384065 0.07132 0.06262 0.12067 -0.08341 0.01720 0.03791 0.99565
1518196819.963416499 0.07297 0.06374 0.11828 -0.08481 0.01799 0.03824 0.99550
1518196819.973434592 0.07636 0.06111 0.12135 -0.08497 0.02009 0.03503 0.99556
1518196819.983436978 0.07766 0.05994 0.12170 -0.08462 0.02138 0.03459 0.99558
1518196819.993465652 0.08253 0.05948 0.12436 -0.08545 0.02249 0.03605 0.99544
1518196820.003467239 0.08619 0.05868 0.12970 -0.08482 0.02315 0.03719 0.99543
1518196820.013492017 0.08624 0.05620 0.12669 -0.08517 0.02501 0.03580 0.99541
1518196820.023506875 0.08855 0.05545 0.12530 -0.08647 0.02651 0.03914 0.99513
1518196820.033551438 0.09024 0.05180 0.11851 -0.08665 0.02785 0.04097 0.99501
1518196820.043561560 0.09149 0.05033 0.12034 -0.08749 0.02944 0.03891 0.99497
1518196820.053613464 0.09451 0.04930 0.12743 -0.08669 0.03030 0.03711 0.99508
1518196820.063664600 0.09579 0.04632 0.12272 -0.08581 0.03112 0.03695 0.99514
1518196820.073715710 0.09760 0.04469 0.12251 -0.08504 0.03154 0.03887 0.99512
1518196820.083766847 0.09883 0.04486 0.12378 -0.08458 0.03309 0.03969 0.99508
1518196820.093794521 0.10129 0.04202 0.12454 -0.08412 0.03422 0.04210 0.99498
1518196820.103846558 0.10092 0.04071 0.12297 -0.08331 0.03537 0.04026 0.99508
1518196820.113898748 0.10151 0.03823 0.12283 -0.08368 0.03636 0.03933 0.99505
1518196820.123950864 0.10407 0.03532 0.12341 -0.08365 0.03828 0.03945 0.99498
1518196820.134005462 0.10631 0.03347 0.12101 -0.08236 0.03643 0.04033 0.99512
1518196820.144049806 0.10722 0.03241 0.12594 -0.08041 0.03821 0.04039 0.99521
1518196820.154071748 0.10663 0.03214 0.12650 -0.07910 0.03990 0.04240 0.99517
1518196820.164092233 0.10525 0.02965 0.12730 -0.07741 0.04144 0.04041 0.99532
1518196820.174110193 0.10199 0.02731 0.12711 -0.07710 0.04152 0.03854 0.99541
1518196820.184122311 0.10210 0.02358 0.12401 -0.07622 0.04256 0.04035 0.99536
1518196820.194128711 0.10347 0.02051 0.12478 -0.07541 0.04227 0.03805 0.99553
1518196820.204133759 0.10195 0.01901 0.12615 -0.07471 0.04302 0.03909 0.99551
1518196820.214145739 0.10012 0.01638 0.13006 -0.07369 0.04238 0.03671 0.99570
1518196820.224251705 0.10079 0.01376 0.12312 -0.07249 0.04343 0.03675 0.99574
1518196820.234251954 0.09879 0.01247 0.12929 -0.07150 0.04298 0.03663 0.99584
1518196820.244309499 0.09894 0.00876 0.13041 -0.07071 0.04297 0.03472 0.99597
1518196820.254369935 0.09550 0.00614 0.12636 -0.07016 0.04252 0.03765 0.99592
1518196820.264425967 0.09670 0.00397 0.12649 -0.06927 0.04221 0.03481 0.99610
1518196820.274486353 0.09483 0.00207 0.12616 -0.06706 0.04205 0.03250 0.99633
1518196820.284543647 0.09455 0.00229 0.12699 -0.06529 0.04002 0.03345 0.99650
1518196820.294597259 0.09155 -0.00100 0.12711 -0.06318 0.03943 0.03216 0.99670
1518196820.304651225 0.09151 -0.00358 0.12393 -0.06301 0.03867 0.02876 0.99685
1518196820.314706213 0.08863 -0.00562 0.12242 -0.06212 0.03817 0.03048 0.99687
1518196820.324762423 0.08927 -0.00696 0.12223 -0.06099 0.03733 0.03043 0.99698
1518196820.334815130 0.08741 -0.00975 0.12413 -0.05944 0.03590 0.02984 0.99714
1518196820.344867797 0.08498 -0.01199 0.12153 -0.05878 0.03491 0.02579 0.99733
1518196820.354922347 0.08295 -0.01154 0.12637 -0.05764 0.03442 0.02806 0.99735
1518196820.364978188 0.08124 -0.01313 0.12564 -0.05560 0.03395 0.02613 0.99753
1518196820.375048595 0.07941 -0.01353 0.12300 -0.05475 0.03255 0.02496 0.99766
1518196820.385107044 0.07778 -0.01525 0.12800 -0.05290 0.03126 0.02442 0.99781
1518196820.395144596 0.07312 -0.01638 0.12248 -0.05175 0.03065 0.02069 0.99798
1518196820.405148356 0.07385 -0.01986 0.12132 -0.05157 0.02862 0.01873 0.99808
1518196820.415160505 0.07180 -0.01894 0.12272 -0.05003 0.02684 0.01951 0.99820
1518196820.425190496 0.06908 -0.02006 0.12321 -0.04893 0.02536 0.01698 0.99834
1518196820.435217016 0.06691 -0.01983 0.12536 -0.04829 0.02425 0.01863 0.99837
1518196820.445246924 0.06167 -0.02228 0.12210 -0.04690 0.02323 0.01452 0.99852
1518196820.455273180 0.05956 -0.02250 0.12651 -0.04725 0.02215 0.01413 0.99854
1518196820.465285319 0.05364 -0.02375 0.12112 -0.04644 0.02130 0.01185 0.99862
1518196820.475336889 0.05133 -0.02469 0.12425 -0.04599 0.02009 0.01547 0.99862
1518196820.485388193 0.05024 -0.02523 0.12336 -0.04454 0.01834 0.00890 0.99880
1518196820.495440277 0.04670 -0.02504 0.12575 -0.04333 0.01609 0.01027 0.99888
1518196820.505506454 0.04585 -0.02477 0.12227 -0.04292 0.01404 0.00773 0.99895
1518196820.515561102 0.04381 -0.02457 0.12558 -0.04250 0.01049 0.00688 0.99902
1518196820.525601744 0.04275 -0.02448 0.12527 -0.04204 0.00771 0.00400 0.99908
1518196820.535602438 0.03966 -0.02486 0.12255 -0.04226 0.00663 0.00817 0.99905
1518196820.545602538 0.03553 -0.02748 0.11810 -0.04106 0.00503 0.00524 0.99913
1518196820.555618818 0.03335 -0.02788 0.12427 -0.04120 0.00372 0.00405 0.99914
1518196820.565643567 0.03081 -0.02928 0.11677 -0.04052 0.00100 0.00307 0.99917
1518196820.575663484 0.02866 -0.02800 0.12261 -0.04060 -0.00097 0.00040 0.99918
1518196820.585673019 0.02656 -0.02599 0.11923 -0.04011 -0.00359 -0.00065 0.99919
1518196820.595696082 0.02310 -0.02774 0.11605 -0.03897 -0.00529 0.00095 0.99923
1518196820.605708719 0.02292 -0.02515 0.12065 -0.03986 -0.00593 0.00304 0.99918
1518196820.615761791 0.01945 -0.02347 0.11802 -0.04006 -0.00853 -0.00117 0.99916
1518196820.625795212 0.01880 -0.02324 0.12192 -0.04032 -0.01053 -0.00188 0.99913
1518196820.635850836 0.01301 -0.02206 0.11732 -0.03914 -0.01245 -0.00507 0.99914
1518196820.645907390 0.00994 -0.02289 0.11711 -0.03888 -0.01340 -0.00512 0.99914
1518196820.655963413 0.00854 -0.02369 0.11801 -0.04013 -0.01540 -0.00352 0.99907
1518196820.666015320 0.00617 -0.02203 0.11564 -0.04081 -0.01632 -0.00552 0.99902
1518196820.676066740 0.00374 -0.01952 0.11261 -0.04066 -0.01718 -0.00545 0.99901
1518196820.686118055 0.00339 -0.01926 0.11889 -0.04082 -0.01877 -0.00537 0.99898
1518196820.696181497 0.00081 -0.01927 0.11382 -0.04039 -0.02087 -0.00836 0.99893
1518196820.706216240 -0.00227 -0.01751 0.11669 -0.04173 -0.02142 -0.00903 0.99886
1518196820.716222467 -0.00551 -0.01703 0.11720 -0.04194 -0.02357 -0.01056 0.99879
1518196820.726230916 -0.00481 -0.01455 0.11544 -0.04172 -0.02499 -0.01044 0.99876
1518196820.736283225 -0.00750 -0.01170 0.11511 -0.04158 -0.02647 -0.00987 0.99874
1518196820.746315883 -0.00992 -0.01220 0.11564 -0.04296 -0.02725 -0.01030 0.99865
1518196820.756367262 -0.01144 -0.00931 0.11544 -0.04419 -0.02778 -0.01222 0.99856
1518196820.766421660 -0.01330 -0.00980 0.11677 -0.04486 -0.02883 -0.01157 0.99851
1518196820.776439917 -0.01601 -0.00631 0.11428 -0.04638 -0.02975 -0.01379 0.99839
1518196820.786493622 -0.01668 -0.00638 0.11368 -0.04707 -0.03042 -0.01239 0.99835
1518196820.796577888 -0.01749 -0.00606 0.11267 -0.04852 -0.03160 -0.01269 0.99824
1518196820.806630192 -0.01822 -0.00370 0.11521 -0.04984 -0.03237 -0.01477 0.99812
1518196820.816682661 -0.02028 -0.00152 0.11616 -0.05018 -0.03311 -0.01336 0.99810
1518196820.826735014 -0.02126 0.00106 0.11907 -0.05142 -0.03233 -0.01323 0.99807
1518196820.836789950 -0.02301 0.00132 0.11827 -0.05273 -0.03209 -0.01420 0.99799
1518196820.846857920 -0.02393 0.00471 0.12115 -0.05447 -0.03275 -0.01393 0.99788
1518196820.856910218 -0.02587 0.00531 0.11695 -0.05496 -0.03242 -0.01544 0.99784
1518196820.866921780 -0.02672 0.00673 0.11891 -0.05627 -0.03192 -0.01333 0.99782
1518196820.876941453 -0.02876 0.00993 0.11655 -0.05761 -0.03161 -0.01380 0.99774
1518196820.886960145 -0.02954 0.01039 0.11708 -0.05978 -0.03212 -0.01470 0.99759
1518196820.896980561 -0.02766 0.01037 0.12317 -0.06174 -0.03129 -0.01562 0.99748
1518196820.907005515 -0.02849 0.01190 0.11813 -0.06344 -0.03197 -0.01623 0.99734
1518196820.917026751 -0.02711 0.01543 0.11658 -0.06532 -0.03124 -0.01537 0.99726
1518196820.927047059 -0.02681 0.01692 0.11454 -0.06555 -0.03020 -0.01559 0.99727
1518196820.937052211 -0.02870 0.01813 0.11986 -0.06717 -0.02985 -0.01319 0.99721
1518196820.947058276 -0.02822 0.02031 0.11669 -0.06858 -0.02945 -0.01239 0.99713
1518196820.957073237 -0.02663 0.02210 0.11775 -0.07042 -0.02837 -0.01246 0.99704
1518196820.967097844 -0.02579 0.02251 0.11538 -0.07210 -0.02768 -0.01211 0.99694
1518196820.977125278 -0.02541 0.02523 0.11965 -0.07279 -0.02657 -0.01121 0.99693
1518196820.987214498 -0.02381 0.02735 0.11886 -0.07381 -0.02561 -0.01071 0.99689
1518196820.997218322 -0.02128 0.02859 0.11754 -0.07548 -0.02375 -0.00916 0.99682
1518196821.007273132 -0.01943 0.02831 0.11721 -0.07708 -0.02311 -0.00957 0.99671
1518196821.017325728 -0.01793 0.02966 0.11822 -0.07838 -0.02158 -0.00742 0.99666
1518196821.027378337 -0.01671 0.03036 0.11705 -0.07842 -0.02088 -0.00948 0.99666
1518196821.037434116 -0.01245 0.03119 0.11750 -0.07927 -0.02027 -0.00719 0.99662
1518196821.047491403 -0.00877 0.03387 0.12041 -0.08032 -0.01864 -0.00666 0.99657
1518196821.057546642 -0.00696 0.03479 0.11812 -0.08137 -0.01830 -0.00483 0.99650
1518196821.067599234 -0.00216 0.03517 0.11656 -0.08145 -0.01630 -0.00218 0.99654
1518196821.077652578 0.00084 0.03648 0.11586 -0.08214 -0.01545 -0.00244 0.99650
1518196821.087706016 0.00360 0.03681 0.11518 -0.08314 -0.01342 0.00418 0.99644
1518196821.097761150 0.00762 0.03579 0.11257 -0.08353 -0.01161 0.00071 0.99644
1518196821.107816666 0.01149 0.03625 0.11185 -0.08461 -0.01022 0.00186 0.99636
1518196821.117870466 0.01554 0.03795 0.11414 -0.08351 -0.00841 0.00089 0.99647
1518196821.127923383 0.01922 0.03875 0.11543 -0.08369 -0.00589 0.00336 0.99647
1518196821.137977373 0.02314 0.03912 0.11364 -0.08412 -0.00424 0.00309 0.99644
1518196821.148029978 0.02767 0.03944 0.11586 -0.08387 -0.00186 0.00885 0.99644
1518196821.158082989 0.03122 0.03899 0.11448 -0.08375 0.00016 0.00651 0.99647
1518196821.168162291 0.03544 0.04152 0.11768 -0.08381 0.00358 0.00624 0.99646
1518196821.178210360 0.03777 0.04060 0.11446 -0.08269 0.00578 0.00867 0.99652
1518196821.188265407 0.04204 0.03980 0.10917 -0.08469 0.00826 0.00919 0.99633
1518196821.198323743 0.04484 0.03844 0.10926 -0.08390 0.01154 0.01443 0.99630
1518196821.208377896 0.04905 0.03813 0.10889 -0.08406 0.01385 0.01522 0.99625
1518196821.218430417 0.05090 0.03763 0.11034 -0.08368 0.01696 0.01793 0.99619
1518196821.228500418 0.05503 0.03643 0.10803 -0.08395 0.01964 0.01815 0.99611
1518196821.238549714 0.05622 0.03442 0.10656 -0.08345 0.02219 0.01846 0.99609
1518196821.248596101 0.06189 0.03434 0.10471 -0.08252 0.02406 0.01685 0.99616
1518196821.258596117 0.06374 0.03248 0.10969 -0.08194 0.02664 0.02001 0.99608
1518196821.268606734 0.06812 0.03227 0.10891 -0.08112 0.02824 0.01966 0.99611
1518196821.278609671 0.07003 0.03059 0.10919 -0.08020 0.03003 0.02056 0.99611
1518196821.288624900 0.07134 0.03053 0.10221 -0.08107 0.03294 0.02499 0.99585
1518196821.298664099 0.07523 0.02733 0.10211 -0.07919 0.03491 0.02506 0.99593
1518196821.308691214 0.07709 0.02670 0.10506 -0.07839 0.03609 0.02371 0.99599
1518196821.318709134 0.07770 0.02317 0.09919 -0.07708 0.03795 0.02622 0.99596
1518196821.328762916 0.07977 0.02276 0.10208 -0.07578 0.03965 0.02712 0.99597
1518196821.338816626 0.08268 0.02169 0.09921 -0.07432 0.04142 0.02876 0.99596
1518196821.348869083 0.08166 0.01902 0.09571 -0.07317 0.04212 0.02704 0.99606
1518196821.358923103 0.08329 0.01697 0.09759 -0.07162 0.04404 0.02944 0.99602
1518196821.368978155 0.08506 0.01345 0.09735 -0.07005 0.04497 0.02604 0.99619
1518196821.379032571 0.08550 0.01046 0.09245 -0.06869 0.04651 0.02832 0.99615
1518196821.389087995 0.08642 0.00734 0.09399 -0.06753 0.04740 0.02789 0.99620
1518196821.399149075 0.08495 0.00324 0.09586 -0.06617 0.04840 0.02770 0.99625
1518196821.409174299 0.08468 0.00189 0.09337 -0.06364 0.05016 0.02916 0.99628
1518196821.419225430 0.08343 -0.00004 0.09163 -0.06115 0.05030 0.02727 0.99649
1518196821.429277342 0.08358 -0.00250 0.09465 -0.05936 0.05117 0.02746 0.99655
1518196821.439334964 0.08310 -0.00523 0.09195 -0.05709 0.05179 0.02587 0.99669
1518196821.449387239 0.08329 -0.00671 0.09535 -0.05503 0.05346 0.02723 0.99668
1518196821.459439006 0.07978 -0.00998 0.09028 -0.05193 0.05363 0.02703 0.99684
1518196821.469492646 0.07777 -0.01271 0.08949 -0.04870 0.05590 0.02900 0.99683
1518196821.479545409 0.07675 -0.01422 0.09072 -0.04729 0.05548 0.02431 0.99704
1518196821.489600331 0.07584 -0.01615 0.08993 -0.04408 0.05425 0.02413 0.99726
1518196821.499658586 0.07373 -0.01876 0.08592 -0.04213 0.05312 0.02147 0.99747
1518196821.509716062 0.07439 -0.02238 0.08466 -0.03998 0.05165 0.02132 0.99764
1518196821.519777413 0.07347 -0.02579 0.08113 -0.03759 0.05110 0.02279 0.99773
1518196821.529802187 0.07070 -0.02787 0.08077 -0.03564 0.05029 0.01991 0.99790
1518196821.539855495 0.06967 -0.03065 0.08030 -0.03360 0.04879 0.01960 0.99805
1518196821.549906802 0.06574 -0.03269 0.07766 -0.03191 0.04876 0.01837 0.99813
1518196821.559968267 0.06408 -0.03308 0.08198 -0.02977 0.04713 0.01631 0.99831
1518196821.570008281 0.06163 -0.03648 0.07745 -0.02648 0.04592 0.01820 0.99843
1518196821.580036824 0.05997 -0.03761 0.07767 -0.02498 0.04476 0.01715 0.99854
1518196821.590077437 0.05909 -0.03775 0.08080 -0.02270 0.04235 0.01409 0.99875
1518196821.600144327 0.05369 -0.04041 0.07754 -0.02096 0.04102 0.01386 0.99884
1518196821.610146942 0.05305 -0.04252 0.07527 -0.01884 0.03882 0.01248 0.99899
1518196821.620160890 0.05167 -0.04258 0.07411 -0.01700 0.03647 0.01137 0.99913
1518196821.630221684 0.04888 -0.04414 0.07191 -0.01535 0.03508 0.01328 0.99918
1518196821.640282624 0.04615 -0.04534 0.07384 -0.01429 0.03294 0.01103 0.99929
1518196821.650342145 0.04290 -0.04678 0.07379 -0.01242 0.03055 0.00912 0.99941
1518196821.660402053 0.03938 -0.04870 0.07099 -0.01173 0.02799 0.00933 0.99950
1518196821.670459196 0.03582 -0.04980 0.07059 -0.01080 0.02543 0.00767 0.99959
1518196821.680513770 0.03428 -0.05157 0.07318 -0.01012 0.02294 0.00665 0.99966
1518196821.690566341 0.03076 -0.05389 0.06928 -0.00866 0.02081 0.00466 0.99974
1518196821.700618926 0.02647 -0.05658 0.07094 -0.00774 0.01973 0.00556 0.99976
1518196821.710673528 0.02336 -0.05591 0.07022 -0.00756 0.01810 0.00653 0.99979
1518196821.720731387 0.02025 -0.05663 0.06903 -0.00600 0.01517 0.00414 0.99986
1518196821.730791226 0.01779 -0.05709 0.06630 -0.00464 0.01232 0.00325 0.99991
1518196821.740843391 0.01505 -0.05795 0.06656 -0.00377 0.00919 0.00164 0.99995
1518196821.750895959 0.01150 -0.05941 0.06442 -0.00210 0.00591 0.00260 0.99998
1518196821.760948427 0.00858 -0.06037 0.06364 -0.00165 0.00393 0.00114 0.99999
1518196821.771003867 0.00540 -0.05989 0.06407 0.00032 0.00126 0.00253 1.00000
1518196821.781061088 0.00190 -0.06014 0.05921 0.00097 -0.00192 0.00258 0.99999
1518196821.791153183 -0.00123 -0.06158 0.05634 0.00168 -0.00491 0.00187 0.99998
1518196821.801205718 -0.00610 -0.06099 0.06064 0.00045 -0.00711 -0.00049 0.99997
1518196821.811260762 -0.01072 -0.06126 0.05790 0.00283 -0.00992 -0.00298 0.99994
1518196821.821322329 -0.01238 -0.06042 0.05887 0.00273 -0.01348 -0.00425 0.99990
1518196821.831322697 -0.01658 -0.05993 0.05644 0.00302 -0.01560 -0.00629 0.99985
1518196821.841402430 -0.01994 -0.06022 0.05733 0.00461 -0.01769 -0.00655 0.99981
1518196821.851413766 -0.02481 -0.05971 0.05453 0.00542 -0.02003 -0.00616 0.99977
1518196821.861423197 -0.02967 -0.06081 0.05269 0.00629 -0.02235 -0.00578 0.99971
1518196821.871487674 -0.03282 -0.06035 0.05289 0.00562 -0.02655 -0.00981 0.99958
1518196821.881540436 -0.03634 -0.05859 0.05588 0.00589 -0.02861 -0.01062 0.99952
1518196821.891598134 -0.03977 -0.05903 0.05505 0.00612 -0.03074 -0.01106 0.99945
1518196821.901660184 -0.04466 -0.05786 0.05444 0.00496 -0.03287 -0.01287 0.99936
1518196821.911696318 -0.04924 -0.05878 0.05395 0.00534 -0.03480 -0.01393 0.99928
1518196821.921715770 -0.05175 -0.05686 0.05822 0.00471 -0.03688 -0.01524 0.99919
1518196821.931770449 -0.05678 -0.05592 0.05443 0.00482 -0.04035 -0.01613 0.99904
1518196821.941798193 -0.06084 -0.05588 0.05455 0.00418 -0.04241 -0.01881 0.99891
1518196821.951850588 -0.06463 -0.05606 0.05723 0.00352 -0.04510 -0.01772 0.99882
1518196821.961903179 -0.06826 -0.05531 0.05343 0.00258 -0.04807 -0.01990 0.99864
1518196821.971958970 -0.07239 -0.05476 0.05178 0.00223 -0.05041 -0.02239 0.99848
1518196821.982017530 -0.07520 -0.05437 0.05149 0.00169 -0.05256 -0.02119 0.99839
1518196821.992092055 -0.07935 -0.05277 0.04936 0.00154 -0.05586 -0.02297 0.99817
1518196822.002164764 -0.08270 -0.04998 0.04972 0.00161 -0.05752 -0.02270 0.99808
1518196822.012219283 -0.08598 -0.04768 0.04803 0.00096 -0.06007 -0.02635 0.99785
1518196822.022272834 -0.09116 -0.04672 0.04682 0.00120 -0.06269 -0.02745 0.99765
1518196822.032328504 -0.09363 -0.04478 0.04577 -0.00004 -0.06409 -0.02819 0.99755
1518196822.042384159 -0.09788 -0.04272 0.04576 0.00019 -0.06698 -0.02860 0.99734
1518196822.052440657 -0.10092 -0.04092 0.04376 -0.00081 -0.06961 -0.03082 0.99710
1518196822.062499455 -0.10497 -0.03938 0.04134 -0.00207 -0.07189 -0.03103 0.99693
1518196822.072555992 -0.10484 -0.03692 0.04236 -0.00287 -0.07374 -0.03129 0.99678
1518196822.082609025 -0.10843 -0.03566 0.04078 -0.00388 -0.07483 -0.03207 0.99667
1518196822.092818067 -0.11135 -0.03280 0.04002 -0.00454 -0.07687 -0.03275 0.99649
1518196822.102875026 -0.11346 -0.03044 0.03630 -0.00602 -0.07811 -0.03342 0.99637
1518196822.112934100 -0.11527 -0.02872 0.03317 -0.00735 -0.07981 -0.03448 0.99619
1518196822.122996892 -0.11587 -0.02613 0.03485 -0.00903 -0.08144 -0.03688 0.99595
1518196822.133055697 -0.11635 -0.02260 0.03593 -0.01090 -0.08164 -0.03741 0.99590
1518196822.143072337 -0.11863 -0.02050 0.03531 -0.01175 -0.08341 -0.03947 0.99566
1518196822.153087408 -0.11923 -0.01806 0.03532 -0.01244 -0.08392 -0.03870 0.99564
1518196822.163103697 -0.12132 -0.01522 0.02959 -0.01337 -0.08455 -0.03805 0.99560
1518196822.173109192 -0.12194 -0.01258 0.03078 -0.01564 -0.08528 -0.03715 0.99554
1518196822.183160625 -0.12272 -0.01183 0.03097 -0.01652 -0.08695 -0.03843 0.99533
1518196822.193211939 -0.12411 -0.00739 0.02893 -0.01763 -0.08755 -0.03970 0.99521
1518196822.203263100 -0.12663 -0.00486 0.02968 -0.01806 -0.08816 -0.03865 0.99519
1518196822.213314243 -0.12683 -0.00110 0.02716 -0.02020 -0.08859 -0.03916 0.99509
1518196822.223365988 -0.12640 0.00101 0.03144 -0.02180 -0.08859 -0.04100 0.99499
1518196822.233420410 -0.12725 0.00359 0.03072 -0.02320 -0.09025 -0.04274 0.99473
1518196822.243476046 -0.12728 0.00549 0.02860 -0.02537 -0.08981 -0.04097 0.99479
1518196822.253532163 -0.12691 0.00708 0.02667 -0.02673 -0.09064 -0.04021 0.99471
1518196822.263590605 -0.12660 0.00864 0.02119 -0.02841 -0.09118 -0.04034 0.99461
1518196822.273643765 -0.12703 0.01224 0.02830 -0.03042 -0.09160 -0.04109 0.99448
1518196822.283696444 -0.12636 0.01426 0.02635 -0.03143 -0.09097 -0.04318 0.99442
1518196822.293750107 -0.12593 0.01563 0.02077 -0.03338 -0.09099 -0.04331 0.99435
1518196822.303801511 -0.12399 0.01741 0.02021 -0.03581 -0.09150 -0.04212 0.99427
1518196822.313853812 -0.12288 0.01864 0.02291 -0.03722 -0.09011 -0.04225 0.99434
1518196822.323906140 -0.12296 0.02163 0.02044 -0.03831 -0.08987 -0.04362 0.99426
1518196822.333957732 -0.12339 0.02526 0.02683 -0.03948 -0.08740 -0.04219 0.99450
1518196822.344012981 -0.12195 0.02758 0.02177 -0.04010 -0.08695 -0.04404 0.99443
1518196822.354067791 -0.12057 0.03098 0.02134 -0.04151 -0.08611 -0.04401 0.99445
1518196822.364080214 -0.11955 0.03304 0.02097 -0.04322 -0.08499 -0.04214 0.99455
1518196822.374089797 -0.11901 0.03350 0.02454 -0.04496 -0.08413 -0.04160 0.99457
1518196822.384092361 -0.11872 0.03507 0.02358 -0.04570 -0.08349 -0.04236 0.99456
1518196822.394146053 -0.11382 0.03597 0.02113 -0.04822 -0.08106 -0.04251 0.99463
1518196822.404198467 -0.11386 0.03746 0.02181 -0.04951 -0.08049 -0.04324 0.99459
1518196822.414251628 -0.11222 0.03835 0.02267 -0.05097 -0.07929 -0.03966 0.99476
1518196822.424304079 -0.10996 0.03811 0.02354 -0.05250 -0.07749 -0.04365 0.99465
1518196822.434356577 -0.10930 0.03826 0.02048 -0.05483 -0.07666 -0.04136 0.99469
1518196822.444409136 -0.10765 0.03840 0.01647 -0.05530 -0.07481 -0.04068 0.99483
1518196822.454461792 -0.10483 0.04026 0.02180 -0.05645 -0.07305 -0.03812 0.99500
1518196822.464514903 -0.10338 0.04152 0.02490 -0.05748 -0.07138 -0.03861 0.99504
1518196822.474567950 -0.10204 0.04060 0.02353 -0.05946 -0.06978 -0.04010 0.99498
1518196822.484621414 -0.10263 0.04229 0.02577 -0.05988 -0.06849 -0.03684 0.99517
1518196822.494659507 -0.09934 0.04181 0.01884 -0.06022 -0.06784 -0.03711 0.99519
1518196822.504677531 -0.09631 0.04391 0.02211 -0.06066 -0.06638 -0.03726 0.99525
1518196822.514697081 -0.09642 0.04632 0.02481 -0.06124 -0.06429 -0.03572 0.99541
1518196822.524709460 -0.09514 0.04447 0.02416 -0.06153 -0.06228 -0.03436 0.99557
1518196822.534726355 -0.09319 0.04371 0.03067 -0.06172 -0.06101 -0.03662 0.99555
1518196822.544742894 -0.09162 0.04480 0.03287 -0.05999 -0.05929 -0.03320 0.99588
1518196822.554759837 -0.08985 0.04593 0.02984 -0.05843 -0.05817 -0.03097 0.99611
1518196822.564778284 -0.08744 0.04741 0.02401 -0.05728 -0.05701 -0.02907 0.99630
1518196822.574793514 -0.08466 0.05026 0.02464 -0.05683 -0.05664 -0.03233 0.99625
1518196822.584810769 -0.08327 0.05111 0.02827 -0.05637 -0.05532 -0.03462 0.99627
1518196822.594834511 -0.08187 0.04812 0.02448 -0.05565 -0.05446 -0.03195 0.99645
1518196822.604843981 -0.07997 0.04692 0.02380 -0.05540 -0.05374 -0.03394 0.99644
1518196822.614866027 -0.07806 0.04572 0.02114 -0.05488 -0.05213 -0.03409 0.99655
1518196822.624882224 -0.07623 0.04588 0.02091 -0.05504 -0.05072 -0.03658 0.99652
1518196822.634899517 -0.07516 0.04306 0.01961 -0.05473 -0.04990 -0.03587 0.99661
1518196822.644917378 -0.07381 0.04141 0.02206 -0.05333 -0.04761 -0.03471 0.99684
1518196822.654934384 -0.07487 0.03833 0.01880 -0.05314 -0.04637 -0.03412 0.99693
1518196822.664952375 -0.07548 0.03626 0.01510 -0.05225 -0.04421 -0.03463 0.99705
1518196822.674967965 -0.07385 0.03403 0.01423 -0.05215 -0.04408 -0.03675 0.99699
1518196822.684983588 -0.07235 0.03143 0.01037 -0.05230 -0.04358 -0.03629 0.99702
1518196822.695000516 -0.07186 0.02904 0.01348 -0.05169 -0.04119 -0.03421 0.99723
1518196822.705033034 -0.07130 0.02602 0.01138 -0.05122 -0.04087 -0.03653 0.99718
1518196822.715044551 -0.07074 0.02281 0.00955 -0.05055 -0.04054 -0.03567 0.99726
1518196822.725060893 -0.06931 0.02076 0.00903 -0.04922 -0.04032 -0.03630 0.99731
1518196822.735075662 -0.06813 0.01960 0.01179 -0.04790 -0.03948 -0.03497 0.99746
1518196822.745128193 -0.06620 0.01765 0.01243 -0.04697 -0.03893 -0.03477 0.99753
1518196822.755180791 -0.06683 0.01431 0.01056 -0.04691 -0.03904 -0.03701 0.99745
1518196822.765233268 -0.06581 0.01248 0.00904 -0.04451 -0.03814 -0.03452 0.99768
1518196822.775285849 -0.06661 0.00963 0.00970 -0.04396 -0.03791 -0.03404 0.99773
1518196822.785336942 -0.06556 0.00780 0.01001 -0.04183 -0.03823 -0.03498 0.99778
1518196822.795389650 -0.06651 0.00598 0.00802 -0.04080 -0.03809 -0.03494 0.99783
1518196822.805442103 -0.06746 0.00468 0.00967 -0.03931 -0.03721 -0.03506 0.99792
1518196822.815494518 -0.07162 0.00347 0.00626 -0.03760 -0.03735 -0.03762 0.99789
1518196822.825547003 -0.07459 0.00116 0.01022 -0.03570 -0.03649 -0.03581 0.99805
1518196822.835599427 -0.07432 0.00063 0.00985 -0.03414 -0.03599 -0.03632 0.99811
1518196822.845651758 -0.07697 -0.00247 0.00682 -0.03200 -0.03807 -0.03532 0.99814
1518196822.855711753 -0.07592 -0.00413 0.00738 -0.03088 -0.03693 -0.03476 0.99824
1518196822.865769926 -0.07981 -0.00375 0.01249 -0.02885 -0.03691 -0.03268 0.99837
1518196822.875779904 -0.07973 -0.00653 0.01083 -0.02681 -0.03701 -0.03493 0.99834
1518196822.885796539 -0.08206 -0.00711 0.01004 -0.02542 -0.03819 -0.03628 0.99829
1518196822.895808667 -0.08556 -0.00874 0.00825 -0.02296 -0.03878 -0.03567 0.99835
1518196822.905859850 -0.09018 -0.00934 0.00954 -0.02208 -0.03796 -0.03535 0.99841
1518196822.915911168 -0.09229 -0.01188 0.01284 -0.02090 -0.03847 -0.03453 0.99844
1518196822.925962600 -0.09261 -0.01284 0.01409 -0.01916 -0.04039 -0.03441 0.99841
1518196822.936031875 -0.09621 -0.01365 0.01180 -0.01746 -0.04153 -0.03560 0.99835
1518196822.946045853 -0.09766 -0.01470 0.01480 -0.01637 -0.04308 -0.03761 0.99823
1518196822.956097060 -0.10007 -0.01525 0.01209 -0.01510 -0.04440 -0.03859 0.99815
1518196822.966148253 -0.09982 -0.01574 0.01640 -0.01347 -0.04460 -0.03916 0.99815
1518196822.976199605 -0.10482 -0.01604 0.01778 -0.01195 -0.04665 -0.03889 0.99808
1518196822.986250814 -0.10796 -0.01628 0.01571 -0.00978 -0.04795 -0.03911 0.99804
1518196822.996303422 -0.11063 -0.01646 0.01610 -0.00863 -0.04932 -0.03918 0.99798
1518196823.006361026 -0.11351 -0.01735 0.01276 -0.00778 -0.05075 -0.03764 0.99797
1518196823.016414472 -0.11439 -0.01964 0.00917 -0.00591 -0.05308 -0.03568 0.99794
1518196823.026466997 -0.11751 -0.02069 0.00963 -0.00569 -0.05417 -0.03868 0.99777
1518196823.036524891 -0.11943 -0.02100 0.01314 -0.00550 -0.05606 -0.03933 0.99764
1518196823.046582906 -0.12364 -0.02390 0.01635 -0.00507 -0.05715 -0.04273 0.99744
1518196823.056609206 -0.12712 -0.02345 0.01393 -0.00337 -0.05890 -0.03772 0.99755
1518196823.066627144 -0.12756 -0.02608 0.01643 -0.00332 -0.06101 -0.04180 0.99726
1518196823.076643273 -0.13192 -0.02590 0.01389 -0.00217 -0.06376 -0.04038 0.99715
1518196823.086660334 -0.13212 -0.02552 0.01660 -0.00322 -0.06522 -0.04401 0.99689
1518196823.096712988 -0.13933 -0.02489 0.02143 -0.00245 -0.06714 -0.04673 0.99665
1518196823.106766112 -0.14355 -0.02692 0.01441 -0.00229 -0.06820 -0.04515 0.99665
1518196823.116818821 -0.14464 -0.02651 0.01874 -0.00215 -0.07014 -0.04619 0.99647
1518196823.126871488 -0.14869 -0.02604 0.01850 -0.00176 -0.07264 -0.04560 0.99631
1518196823.136923881 -0.15218 -0.02721 0.01234 -0.00168 -0.07413 -0.04609 0.99618
1518196823.146992401 -0.15645 -0.02685 0.01077 -0.00171 -0.07701 -0.04732 0.99590
1518196823.157028929 -0.15952 -0.02713 0.01426 -0.00122 -0.07702 -0.04549 0.99599
1518196823.167080414 -0.16405 -0.02572 0.01697 -0.00164 -0.07945 -0.04827 0.99567
1518196823.177135021 -0.16893 -0.02330 0.01377 -0.00103 -0.08198 -0.04856 0.99545
1518196823.187190006 -0.16937 -0.02251 0.00995 0.00029 -0.08418 -0.04764 0.99531
1518196823.197211723 -0.17286 -0.01986 0.01569 -0.00026 -0.08604 -0.05004 0.99503
1518196823.207226035 -0.17367 -0.02075 0.01864 -0.00132 -0.08729 -0.05091 0.99488
1518196823.217412009 -0.17673 -0.01983 0.01374 -0.00080 -0.09019 -0.04999 0.99467
1518196823.227464544 -0.18078 -0.01699 0.01770 -0.00122 -0.09067 -0.05056 0.99460
1518196823.237517078 -0.18303 -0.01648 0.01864 -0.00295 -0.09270 -0.05392 0.99423
1518196823.247569618 -0.18591 -0.01678 0.02010 -0.00347 -0.09325 -0.05468 0.99413
1518196823.257623626 -0.18848 -0.01609 0.01584 -0.00320 -0.09482 -0.05184 0.99414
1518196823.267676733 -0.19062 -0.01544 0.01856 -0.00390 -0.09635 -0.05192 0.99399
1518196823.277730017 -0.19223 -0.01281 0.01829 -0.00495 -0.09788 -0.05391 0.99372
1518196823.287782887 -0.19593 -0.01051 0.02591 -0.00591 -0.10085 -0.05758 0.99322
1518196823.297796984 -0.19716 -0.00929 0.02229 -0.00623 -0.10189 -0.05993 0.99297
1518196823.307849517 -0.19797 -0.00989 0.02126 -0.00843 -0.10326 -0.05801 0.99293
1518196823.317902451 -0.20178 -0.01044 0.02271 -0.00901 -0.10556 -0.05817 0.99267
1518196823.327953599 -0.20543 -0.00819 0.02729 -0.01084 -0.10716 -0.05915 0.99242
1518196823.338010122 -0.20801 -0.00631 0.02665 -0.01123 -0.10842 -0.06035 0.99221
1518196823.348017941 -0.20952 -0.00452 0.02126 -0.01193 -0.10977 -0.06141 0.99199
1518196823.358071842 -0.21261 -0.00359 0.02270 -0.01291 -0.11102 -0.06218 0.99179
1518196823.368125148 -0.21529 -0.00226 0.02666 -0.01454 -0.11141 -0.06197 0.99173
1518196823.378146819 -0.21988 -0.00083 0.02587 -0.01517 -0.11246 -0.06084 0.99168
1518196823.388198331 -0.21904 0.00117 0.01959 -0.01655 -0.11332 -0.06333 0.99140
1518196823.398250141 -0.22368 0.00266 0.02073 -0.01719 -0.11485 -0.06222 0.99128
1518196823.408302637 -0.22253 0.00133 0.01989 -0.01930 -0.11451 -0.06324 0.99122
1518196823.418355476 -0.22681 0.00293 0.02418 -0.02019 -0.11484 -0.06146 0.99127
1518196823.428410062 -0.22493 0.00417 0.02076 -0.02155 -0.11491 -0.06528 0.99099
1518196823.438464035 -0.22932 0.00633 0.02444 -0.02292 -0.11406 -0.06365 0.99117
1518196823.448529811 -0.23371 0.00839 0.02253 -0.02305 -0.11457 -0.06386 0.99109
1518196823.458580695 -0.23300 0.01009 0.02465 -0.02443 -0.11430 -0.06504 0.99101
1518196823.468597642 -0.23337 0.01095 0.02204 -0.02628 -0.11336 -0.06493 0.99108
1518196823.478601847 -0.23539 0.01124 0.02160 -0.02703 -0.11285 -0.06391 0.99119
1518196823.488615231 -0.23878 0.01202 0.02170 -0.02942 -0.11233 -0.06745 0.99094
1518196823.498628473 -0.24225 0.01401 0.02294 -0.03016 -0.11191 -0.06409 0.99119
1518196823.508643597 -0.24146 0.01469 0.02021 -0.03143 -0.11426 -0.06510 0.99082
1518196823.518656131 -0.23938 0.01585 0.02159 -0.03291 -0.11408 -0.06480 0.99081
1518196823.528669535 -0.24086 0.01740 0.02146 -0.03472 -0.11269 -0.06641 0.99080
1518196823.538686371 -0.24226 0.01695 0.01971 -0.03640 -0.11134 -0.06526 0.99097
1518196823.548697828 -0.24215 0.01586 0.02113 -0.03801 -0.10958 -0.06581 0.99107
1518196823.558705898 -0.24114 0.01715 0.01653 -0.03896 -0.10905 -0.06499 0.99114
1518196823.568718554 -0.24193 0.01809 0.01793 -0.04034 -0.10936 -0.06704 0.99092
1518196823.578739871 -0.23869 0.01868 0.01624 -0.04082 -0.10971 -0.06375 0.99108
1518196823.588751878 -0.23636 0.02020 0.01604 -0.04207 -0.10848 -0.06508 0.99107
1518196823.598768343 -0.23471 0.01998 0.01925 -0.04424 -0.10614 -0.06396 0.99130
1518196823.608779468 -0.23622 0.02011 0.01874 -0.04538 -0.10515 -0.06242 0.99146
1518196823.618792107 -0.23177 0.02101 0.01610 -0.04613 -0.10388 -0.06175 0.99160
1518196823.628800973 -0.23128 0.02150 0.01413 -0.04651 -0.10314 -0.06266 0.99160
1518196823.638814782 -0.23071 0.02265 0.01405 -0.04735 -0.10271 -0.05984 0.99178
1518196823.648827707 -0.22779 0.02506 0.01227 -0.04816 -0.10206 -0.06301 0.99161
1518196823.658843024 -0.22525 0.02514 0.01850 -0.04877 -0.10112 -0.05973 0.99188
1518196823.668855632 -0.22253 0.02546 0.01543 -0.05015 -0.10135 -0.06026 0.99176
1518196823.678868750 -0.21878 0.02553 0.01533 -0.04945 -0.09982 -0.05906 0.99202
1518196823.688882575 -0.21760 0.02626 0.01515 -0.04986 -0.09933 -0.05932 0.99203
1518196823.698896629 -0.21352 0.02689 0.01042 -0.05075 -0.09823 -0.05487 0.99235
1518196823.708909731 -0.20976 0.02610 0.01291 -0.05098 -0.09813 -0.05496 0.99235
1518196823.718925380 -0.20803 0.02519 0.01600 -0.05207 -0.09585 -0.05514 0.99250
1518196823.728941130 -0.20523 0.02584 0.01397 -0.05153 -0.09588 -0.05329 0.99263
1518196823.738954614 -0.20371 0.02539 0.00883 -0.05172 -0.09423 -0.05238 0.99282
1518196823.748971776 -0.20052 0.02771 0.01057 -0.05115 -0.09277 -0.05144 0.99304
1518196823.758986576 -0.19706 0.02731 0.01208 -0.04851 -0.09088 -0.04935 0.99345
1518196823.769037984 -0.19331 0.02752 0.01531 -0.04920 -0.08997 -0.04936 0.99350
1518196823.779089402 -0.19309 0.02719 0.02138 -0.04931 -0.08839 -0.04558 0.99382
1518196823.789140762 -0.19056 0.02655 0.01439 -0.04843 -0.08703 -0.04458 0.99403
1518196823.799192063 -0.18914 0.02705 0.01245 -0.04907 -0.08608 -0.04198 0.99419
1518196823.809243317 -0.18862 0.02679 0.01612 -0.04815 -0.08442 -0.04255 0.99436
1518196823.819294581 -0.18594 0.02540 0.01404 -0.04737 -0.08305 -0.04255 0.99451
1518196823.829348311 -0.18372 0.02398 0.01093 -0.04734 -0.08205 -0.04298 0.99457
1518196823.839401201 -0.18270 0.02283 0.01238 -0.04661 -0.08082 -0.04202 0.99475
1518196823.849452562 -0.18245 0.02181 0.01473 -0.04568 -0.07939 -0.04089 0.99496
1518196823.859503778 -0.18022 0.02227 0.01509 -0.04482 -0.07760 -0.04129 0.99512
1518196823.869555002 -0.17818 0.02074 0.01557 -0.04502 -0.07686 -0.04139 0.99516
1518196823.879606238 -0.17869 0.01939 0.01517 -0.04374 -0.07558 -0.04131 0.99532
1518196823.889657589 -0.17884 0.01711 0.01170 -0.04402 -0.07392 -0.04018 0.99548
1518196823.899710206 -0.17728 0.01366 0.01311 -0.04357 -0.07303 -0.03923 0.99560
1518196823.909761524 -0.17728 0.01100 0.00894 -0.04242 -0.07186 -0.03723 0.99582
1518196823.919812671 -0.17546 0.01064 0.01070 -0.04189 -0.07092 -0.03974 0.99581
1518196823.929865360 -0.17540 0.00944 0.01004 -0.03975 -0.06949 -0.03994 0.99599
1518196823.939926476 -0.17687 0.00635 0.00902 -0.03880 -0.06858 -0.03945 0.99611
1518196823.949975563 -0.17734 0.00656 0.01131 -0.03705 -0.06742 -0.03986 0.99624
1518196823.959986419 -0.17650 0.00470 0.00977 -0.03500 -0.06726 -0.03960 0.99633
1518196823.970039142 -0.17535 0.00206 0.01047 -0.03449 -0.06688 -0.04058 0.99634
1518196823.980091722 -0.17635 -0.00052 0.00614 -0.03269 -0.06619 -0.03870 0.99652
1518196823.990150508 -0.17702 -0.00248 0.00943 -0.03102 -0.06427 -0.03999 0.99665
1518196824.000198321 -0.17820 -0.00513 0.00275 -0.02959 -0.06522 -0.04170 0.99656
1518196824.010215034 -0.17806 -0.00579 0.00471 -0.02701 -0.06437 -0.04195 0.99668
1518196824.020232645 -0.17942 -0.00803 0.00475 -0.02581 -0.06354 -0.04089 0.99681
1518196824.030244674 -0.18057 -0.01036 0.00230 -0.02460 -0.06297 -0.04267 0.99680
1518196824.040265696 -0.18120 -0.01139 0.00299 -0.02163 -0.06354 -0.04388 0.99678
1518196824.050283004 -0.18285 -0.01080 0.00919 -0.02001 -0.06392 -0.04463 0.99676
1518196824.060300448 -0.18538 -0.01240 0.00376 -0.01800 -0.06409 -0.04620 0.99671
1518196824.070317456 -0.18807 -0.01525 0.00178 -0.01593 -0.06427 -0.04691 0.99670
1518196824.080332826 -0.18909 -0.01698 -0.00108 -0.01414 -0.06374 -0.04784 0.99672
1518196824.090349992 -0.19090 -0.01964 -0.00014 -0.01289 -0.06622 -0.04917 0.99651
1518196824.100366872 -0.19231 -0.02158 -0.00366 -0.01119 -0.06654 -0.04868 0.99653
1518196824.110384141 -0.19379 -0.02291 -0.00191 -0.00956 -0.06693 -0.05111 0.99640
1518196824.120400695 -0.19722 -0.02466 -0.00356 -0.00813 -0.06800 -0.05351 0.99622
1518196824.130415381 -0.19856 -0.02743 -0.00245 -0.00538 -0.06942 -0.05238 0.99620
1518196824.140437368 -0.20000 -0.02813 -0.00379 -0.00306 -0.07013 -0.05233 0.99616
1518196824.150452407 -0.20382 -0.02760 -0.00752 -0.00146 -0.07150 -0.05656 0.99584
1518196824.160469108 -0.20553 -0.02908 -0.00561 0.00050 -0.07304 -0.05651 0.99573
1518196824.170503165 -0.20787 -0.03102 -0.00675 0.00247 -0.07362 -0.05698 0.99565
1518196824.180507853 -0.21102 -0.03128 -0.00254 0.00309 -0.07547 -0.05971 0.99535
1518196824.190518684 -0.21434 -0.03301 -0.00515 0.00544 -0.07734 -0.06083 0.99513
1518196824.200535599 -0.21785 -0.03336 -0.00649 0.00788 -0.07813 -0.05908 0.99516
1518196824.210550290 -0.21914 -0.03500 -0.01037 0.00894 -0.08093 -0.06369 0.99464
1518196824.220567218 -0.22317 -0.03504 -0.01586 0.01074 -0.08258 -0.06442 0.99444
1518196824.230590747 -0.22652 -0.03618 -0.01162 0.01200 -0.08482 -0.06609 0.99413
1518196824.240600800 -0.23111 -0.03752 -0.01529 0.01253 -0.08701 -0.06711 0.99387
1518196824.250617298 -0.23535 -0.03775 -0.01133 0.01346 -0.08788 -0.06865 0.99367
1518196824.260716623 -0.23910 -0.03826 -0.01359 0.01433 -0.09076 -0.07038 0.99328
1518196824.270769428 -0.24237 -0.03931 -0.01625 0.01518 -0.09361 -0.07244 0.99285
1518196824.280821857 -0.24545 -0.04005 -0.01815 0.01738 -0.09689 -0.07188 0.99254
1518196824.290874657 -0.24742 -0.04064 -0.01732 0.01849 -0.09952 -0.07355 0.99214
1518196824.300952061 -0.25067 -0.04071 -0.02624 0.01892 -0.10169 -0.07469 0.99183
1518196824.310952948 -0.25531 -0.04065 -0.02100 0.01944 -0.10516 -0.07902 0.99112
1518196824.321005342 -0.25969 -0.04171 -0.02102 0.02020 -0.10773 -0.07782 0.99092
1518196824.331057689 -0.26296 -0.04296 -0.02092 0.02066 -0.11043 -0.07780 0.99062
1518196824.341110487 -0.26600 -0.04351 -0.02076 0.02165 -0.11238 -0.07943 0.99025
1518196824.351162955 -0.26977 -0.04153 -0.01716 0.02127 -0.11517 -0.08280 0.98966
1518196824.361216503 -0.27362 -0.03937 -0.02421 0.02303 -0.11865 -0.08325 0.98917
1518196824.371271632 -0.27565 -0.03806 -0.02508 0.02406 -0.12213 -0.08520 0.98856
1518196824.381324567 -0.27769 -0.03539 -0.02664 0.02425 -0.12649 -0.08779 0.98778
1518196824.391377355 -0.27828 -0.03426 -0.02897 0.02440 -0.12918 -0.08725 0.98747
1518196824.401430206 -0.28023 -0.03333 -0.02880 0.02522 -0.13109 -0.08748 0.98718
1518196824.411452992 -0.28488 -0.03232 -0.03184 0.02546 -0.13507 -0.08961 0.98645
1518196824.421506095 -0.28720 -0.02923 -0.02675 0.02571 -0.13723 -0.09161 0.98596
1518196824.431558729 -0.29101 -0.02600 -0.02637 0.02622 -0.13936 -0.09609 0.98522
1518196824.441611149 -0.29406 -0.02337 -0.02541 0.02663 -0.14160 -0.09584 0.98491
1518196824.451664183 -0.29674 -0.02084 -0.02814 0.02741 -0.14369 -0.09707 0.98447
1518196824.461725294 -0.30028 -0.01956 -0.02626 0.02710 -0.14572 -0.09711 0.98418
1518196824.471778589 -0.30359 -0.01933 -0.02658 0.02578 -0.14710 -0.09791 0.98393
1518196824.481795875 -0.30821 -0.01609 -0.02225 0.02567 -0.14848 -0.10095 0.98341
1518196824.491849623 -0.31399 -0.01252 -0.02052 0.02496 -0.14957 -0.10139 0.98322
1518196824.501923028 -0.31861 -0.00947 -0.01805 0.02522 -0.14933 -0.10429 0.98295
1518196824.511938536 -0.32002 -0.00667 -0.01317 0.02461 -0.15075 -0.10595 0.98257
1518196824.521939621 -0.32071 -0.00429 -0.01282 0.02412 -0.15282 -0.10385 0.98249
1518196824.532000559 -0.32427 -0.00224 -0.01242 0.02333 -0.15467 -0.10525 0.98207
1518196824.542018388 -0.32660 -0.00020 -0.01314 0.02246 -0.15526 -0.11022 0.98145
1518196824.552066337 -0.33088 0.00269 -0.01336 0.02163 -0.15610 -0.10986 0.98137
1518196824.562083457 -0.33093 0.00485 -0.01427 0.02019 -0.15813 -0.11391 0.98062
1518196824.572098941 -0.33386 0.00653 -0.00765 0.01876 -0.15948 -0.11474 0.98033
1518196824.582113195 -0.33709 0.00748 -0.00701 0.01629 -0.16057 -0.11423 0.98026
1518196824.592121008 -0.33822 0.00835 -0.00804 0.01433 -0.16185 -0.11601 0.97987
1518196824.602133467 -0.33857 0.00957 -0.00970 0.01299 -0.16372 -0.11407 0.97980
1518196824.612148002 -0.34116 0.01083 -0.00603 0.01070 -0.16512 -0.11640 0.97932
1518196824.622177352 -0.34377 0.01168 0.00047 0.00916 -0.16557 -0.11408 0.97954
1518196824.632184118 -0.34633 0.01460 -0.00228 0.00750 -0.16626 -0.11750 0.97903
1518196824.642199740 -0.34618 0.01608 -0.00316 0.00530 -0.16700 -0.12040 0.97856
1518196824.652202061 -0.34710 0.01690 -0.00083 0.00279 -0.16880 -0.12027 0.97828
1518196824.662217915 -0.34768 0.01942 -0.00075 0.00090 -0.17025 -0.12117 0.97792
1518196824.672231321 -0.34732 0.02091 0.00071 -0.00174 -0.17128 -0.11999 0.97789
1518196824.682391298 -0.34843 0.02228 0.00017 -0.00318 -0.17155 -0.12069 0.97775
1518196824.692444799 -0.34917 0.02347 0.00006 -0.00618 -0.17226 -0.12215 0.97743
1518196824.702497598 -0.35095 0.02375 0.00030 -0.00746 -0.17348 -0.12122 0.97732
1518196824.712550154 -0.35185 0.02655 0.00399 -0.00975 -0.17430 -0.12161 0.97711
1518196824.722602663 -0.35142 0.02815 0.00457 -0.01132 -0.17396 -0.12366 0.97689
1518196824.732655433 -0.35299 0.02998 0.00641 -0.01417 -0.17363 -0.12607 0.97661
1518196824.742708097 -0.35436 0.03117 0.00715 -0.01547 -0.17392 -0.12592 0.97655
1518196824.752760527 -0.35592 0.03221 0.00221 -0.01690 -0.17262 -0.12620 0.97672
1518196824.762812916 -0.35795 0.03306 0.00644 -0.01976 -0.17334 -0.12580 0.97660
1518196824.772879798 -0.35829 0.03501 0.01147 -0.02076 -0.17235 -0.12902 0.97633
1518196824.782920693 -0.35588 0.03565 0.00907 -0.02167 -0.17208 -0.13036 0.97618
1518196824.792922733 -0.35657 0.03729 0.01371 -0.02375 -0.17163 -0.13045 0.97620
1518196824.802975463 -0.35629 0.03824 0.01062 -0.02569 -0.17028 -0.12938 0.97653
1518196824.813027867 -0.35433 0.03856 0.01063 -0.02740 -0.16903 -0.13122 0.97645
1518196824.823081470 -0.35491 0.03917 0.01260 -0.02907 -0.16935 -0.12982 0.97654
1518196824.833134564 -0.35621 0.04111 0.01548 -0.02953 -0.16863 -0.13104 0.97648
1518196824.843188590 -0.35806 0.04204 0.01434 -0.03084 -0.16836 -0.13083 0.97652
1518196824.853243883 -0.35480 0.04253 0.01699 -0.03155 -0.16673 -0.13008 0.97688
1518196824.863298910 -0.35219 0.04248 0.01314 -0.03322 -0.16693 -0.13128 0.97663
1518196824.873351669 -0.35338 0.04133 0.01293 -0.03558 -0.16593 -0.13080 0.97678
1518196824.883404225 -0.35272 0.04034 0.01191 -0.03647 -0.16585 -0.13165 0.97664
1518196824.893457573 -0.35050 0.04046 0.00932 -0.03783 -0.16558 -0.13152 0.97665
1518196824.903512072 -0.34888 0.03896 0.00952 -0.03926 -0.16492 -0.13019 0.97689
1518196824.913553641 -0.34780 0.03872 0.01211 -0.03921 -0.16498 -0.12837 0.97712
1518196824.923567164 -0.34770 0.03880 0.01591 -0.03975 -0.16403 -0.12685 0.97746
1518196824.933585768 -0.34619 0.03942 0.01827 -0.03954 -0.16275 -0.12525 0.97789
1518196824.943600023 -0.34475 0.04024 0.01533 -0.03996 -0.16143 -0.12476 0.97815
1518196824.953607286 -0.34434 0.04124 0.01345 -0.04013 -0.16020 -0.12347 0.97851
1518196824.963626720 -0.34166 0.04170 0.01518 -0.03924 -0.15934 -0.12265 0.97879
1518196824.973645139 -0.33915 0.04282 0.01757 -0.03932 -0.15972 -0.12262 0.97873
1518196824.983655061 -0.33691 0.04335 0.01853 -0.03844 -0.15896 -0.12115 0.97907
1518196824.993681293 -0.33495 0.04350 0.02028 -0.03821 -0.15785 -0.12083 0.97930
1518196825.003684272 -0.33113 0.04338 0.01808 -0.03795 -0.15672 -0.12039 0.97954
1518196825.013697809 -0.32746 0.04251 0.01817 -0.03770 -0.15671 -0.11774 0.97988
1518196825.023704368 -0.32426 0.04042 0.02071 -0.03741 -0.15559 -0.11701 0.98015
1518196825.033717567 -0.32222 0.03912 0.01681 -0.03653 -0.15601 -0.11453 0.98041
1518196825.043731806 -0.31977 0.03808 0.02129 -0.03570 -0.15449 -0.11499 0.98063
1518196825.053743826 -0.31737 0.03535 0.01948 -0.03638 -0.15269 -0.11511 0.98087
1518196825.063764962 -0.31468 0.03369 0.01930 -0.03703 -0.15105 -0.11190 0.98147
1518196825.073776670 -0.31343 0.03053 0.02248 -0.03618 -0.14979 -0.11121 0.98178
1518196825.083798365 -0.31131 0.02810 0.02061 -0.03604 -0.14893 -0.11093 0.98194
1518196825.093854845 -0.30977 0.02526 0.02320 -0.03524 -0.14767 -0.11077 0.98218
1518196825.103889539 -0.30767 0.02397 0.01964 -0.03525 -0.14593 -0.10918 0.98262
1518196825.113940687 -0.30742 0.02119 0.02182 -0.03378 -0.14516 -0.10746 0.98298
1518196825.123994110 -0.30545 0.01979 0.02227 -0.03337 -0.14389 -0.10761 0.98316
1518196825.134046942 -0.30381 0.01699 0.02063 -0.03303 -0.14402 -0.10611 0.98332
1518196825.144105193 -0.30249 0.01337 0.01719 -0.03177 -0.14308 -0.10560 0.98355
1518196825.154146115 -0.30383 0.01188 0.01974 -0.03094 -0.14233 -0.10504 0.98374
1518196825.164162741 -0.30300 0.00988 0.02335 -0.02997 -0.14059 -0.10420 0.98411
1518196825.174179864 -0.30305 0.00896 0.02085 -0.02851 -0.13946 -0.10358 0.98438
1518196825.184195937 -0.30336 0.00564 0.01669 -0.02755 -0.13783 -0.10364 0.98463
1518196825.194213788 -0.30528 0.00477 0.01806 -0.02556 -0.13695 -0.10281 0.98490
1518196825.204222481 -0.30411 0.00279 0.01598 -0.02312 -0.13620 -0.10159 0.98519
1518196825.214244045 -0.30550 0.00186 0.01696 -0.02230 -0.13584 -0.10297 0.98511
1518196825.224255633 -0.30633 -0.00030 0.01721 -0.02015 -0.13532 -0.10162 0.98537
1518196825.234272507 -0.30708 -0.00112 0.01487 -0.01891 -0.13628 -0.10148 0.98528
1518196825.244289640 -0.30619 -0.00281 0.01484 -0.01741 -0.13480 -0.10238 0.98542
1518196825.254306932 -0.30771 -0.00470 0.01587 -0.01596 -0.13563 -0.10146 0.98542
1518196825.264324711 -0.30918 -0.00553 0.01856 -0.01391 -0.13599 -0.10142 0.98541
1518196825.274341782 -0.30701 -0.00744 0.01416 -0.01205 -0.13525 -0.10067 0.98561
1518196825.284361512 -0.30786 -0.00965 0.01438 -0.01101 -0.13690 -0.10084 0.98538
1518196825.294380023 -0.30713 -0.01303 0.01062 -0.00901 -0.13867 -0.10157 0.98508
1518196825.304395742 -0.30869 -0.01405 0.01276 -0.00859 -0.13843 -0.10270 0.98500
1518196825.314407860 -0.31042 -0.01597 0.01209 -0.00759 -0.13858 -0.10292 0.98496
1518196825.324426527 -0.31168 -0.01922 0.01018 -0.00489 -0.14001 -0.10431 0.98463
1518196825.334441694 -0.31260 -0.02094 0.00700 -0.00479 -0.14064 -0.10218 0.98476
1518196825.344463197 -0.31503 -0.02136 0.00643 -0.00268 -0.14051 -0.10363 0.98464
1518196825.354475634 -0.31767 -0.02349 0.00576 -0.00056 -0.14146 -0.10344 0.98452
1518196825.364491923 -0.31849 -0.02466 0.00323 0.00036 -0.14254 -0.10462 0.98424
1518196825.374508741 -0.32213 -0.02395 0.00455 0.00216 -0.14234 -0.10448 0.98429
1518196825.384526643 -0.32561 -0.02426 0.00095 0.00448 -0.14282 -0.10754 0.98388
1518196825.394544847 -0.33091 -0.02494 0.00152 0.00599 -0.14486 -0.10757 0.98357
1518196825.404560198 -0.33306 -0.02584 0.00067 0.00790 -0.14521 -0.10943 0.98330
1518196825.414582570 -0.33464 -0.02731 -0.00389 0.00909 -0.14634 -0.11034 0.98302
1518196825.424595186 -0.33821 -0.02627 -0.00115 0.01009 -0.14825 -0.11222 0.98251
1518196825.434610566 -0.34063 -0.02745 -0.00167 0.01098 -0.14912 -0.11376 0.98219
1518196825.444627838 -0.34493 -0.02851 -0.00321 0.01227 -0.15053 -0.11462 0.98186
1518196825.454644874 -0.34863 -0.02859 -0.00325 0.01276 -0.15266 -0.11678 0.98127
1518196825.464661693 -0.34958 -0.02953 -0.00461 0.01389 -0.15355 -0.11693 0.98110
1518196825.474679904 -0.35158 -0.02883 -0.00616 0.01601 -0.15531 -0.11779 0.98069
1518196825.484695455 -0.35578 -0.02745 -0.00815 0.01732 -0.15618 -0.11888 0.98040
1518196825.494716542 -0.35947 -0.02774 -0.00502 0.01847 -0.15793 -0.12123 0.97981
1518196825.504732776 -0.36295 -0.02648 -0.00342 0.01989 -0.15969 -0.12167 0.97944
1518196825.514750632 -0.36407 -0.02655 -0.00850 0.02033 -0.16150 -0.12246 0.97903
1518196825.524766416 -0.36648 -0.02648 -0.00914 0.02133 -0.16279 -0.12263 0.97878
1518196825.534783113 -0.36854 -0.02383 -0.01044 0.02214 -0.16242 -0.12537 0.97848
1518196825.544804729 -0.37310 -0.02394 -0.01041 0.02134 -0.16540 -0.12628 0.97788
1518196825.554824787 -0.37772 -0.02545 -0.00789 0.02156 -0.16781 -0.12686 0.97739
1518196825.564832630 -0.38059 -0.02634 -0.00874 0.02188 -0.16852 -0.12664 0.97728
1518196825.574841060 -0.38390 -0.02407 -0.00527 0.02239 -0.17053 -0.12807 0.97674
1518196825.584848957 -0.38558 -0.02226 -0.01113 0.02262 -0.17128 -0.12915 0.97646
1518196825.594855704 -0.38981 -0.02178 -0.01100 0.02373 -0.17357 -0.12956 0.97597
1518196825.604868530 -0.39144 -0.02110 -0.01012 0.02458 -0.17558 -0.13353 0.97506
1518196825.614919924 -0.39586 -0.02035 -0.00817 0.02320 -0.17810 -0.13551 0.97436
1518196825.624935075 -0.39935 -0.02013 -0.00951 0.02350 -0.17996 -0.13310 0.97434
1518196825.634954040 -0.39874 -0.02048 -0.01402 0.02258 -0.18114 -0.13445 0.97396
1518196825.644971248 -0.40392 -0.01840 -0.01606 0.02209 -0.18526 -0.13683 0.97287
1518196825.654988014 -0.40426 -0.01821 -0.01416 0.02224 -0.18733 -0.13926 0.97212
1518196825.665005172 -0.40612 -0.01734 -0.01127 0.02179 -0.18898 -0.13810 0.97198
1518196825.675014681 -0.40884 -0.01648 -0.01477 0.02163 -0.18921 -0.13906 0.97180
1518196825.685033379 -0.40991 -0.01430 -0.01518 0.02210 -0.19080 -0.14122 0.97117
1518196825.695049168 -0.41540 -0.01312 -0.01060 0.02153 -0.19297 -0.14112 0.97076
1518196825.705066398 -0.41591 -0.01092 -0.01219 0.02041 -0.19486 -0.14145 0.97036
1518196825.715083398 -0.42144 -0.01052 -0.00796 0.02077 -0.19629 -0.14433 0.96964
1518196825.725099727 -0.42233 -0.00977 -0.01170 0.01966 -0.19816 -0.14426 0.96930
1518196825.735122115 -0.42604 -0.01001 -0.00820 0.01812 -0.19882 -0.14384 0.96925
1518196825.745133644 -0.42627 -0.00852 -0.00970 0.01650 -0.19991 -0.14661 0.96864
1518196825.755185259 -0.43227 -0.00665 -0.00497 0.01519 -0.20248 -0.14862 0.96782
1518196825.765237468 -0.43420 -0.00636 -0.00502 0.01452 -0.20424 -0.14717 0.96769
1518196825.775295810 -0.43457 -0.00579 -0.00692 0.01265 -0.20624 -0.14833 0.96711
1518196825.785349114 -0.43751 -0.00458 -0.00516 0.01176 -0.20712 -0.15032 0.96663
1518196825.795402155 -0.43914 -0.00360 -0.00653 0.00964 -0.20797 -0.14875 0.96671
1518196825.805456378 -0.44365 -0.00192 -0.00103 0.00777 -0.20965 -0.14973 0.96621
1518196825.815509456 -0.44418 -0.00125 -0.00132 0.00633 -0.21278 -0.15112 0.96532
1518196825.825562114 -0.44321 0.00090 -0.00458 0.00577 -0.21308 -0.15076 0.96532
1518196825.835614488 -0.44512 0.00139 -0.00429 0.00368 -0.21382 -0.14989 0.96530
1518196825.845665682 -0.44789 0.00384 -0.00092 0.00153 -0.21469 -0.15035 0.96504
1518196825.855716824 -0.44776 0.00409 0.00103 -0.00017 -0.21613 -0.15176 0.96450
1518196825.865771002 -0.44738 0.00587 0.00035 -0.00198 -0.21744 -0.15228 0.96412
1518196825.875829488 -0.44981 0.00793 0.00224 -0.00315 -0.21809 -0.15155 0.96408
1518196825.885878933 -0.45184 0.01058 0.00028 -0.00423 -0.21852 -0.15190 0.96393
1518196825.895892261 -0.45702 0.01221 0.00387 -0.00591 -0.21752 -0.15189 0.96415
1518196825.905906283 -0.45613 0.01377 0.00183 -0.00780 -0.21805 -0.15199 0.96400
1518196825.915926697 -0.45633 0.01435 0.00588 -0.00972 -0.21849 -0.15414 0.96354
1518196825.925935723 -0.45768 0.01437 0.00563 -0.01243 -0.21815 -0.15372 0.96365
1518196825.935953163 -0.45725 0.01518 0.00192 -0.01461 -0.21877 -0.15262 0.96366
1518196825.945971557 -0.45607 0.01760 0.00498 -0.01624 -0.22060 -0.15263 0.96321
1518196825.955974701 -0.45716 0.01960 0.00775 -0.01807 -0.22099 -0.15291 0.96304
1518196825.965993282 -0.45470 0.02090 0.00534 -0.01845 -0.22133 -0.15332 0.96289
1518196825.976002380 -0.45517 0.02227 0.00864 -0.02063 -0.22147 -0.15383 0.96274
1518196825.986015964 -0.45874 0.02541 0.00748 -0.02189 -0.22282 -0.15292 0.96254
1518196825.996028948 -0.45689 0.02696 0.00883 -0.02383 -0.22443 -0.15295 0.96212
1518196826.006052367 -0.45269 0.02639 0.01006 -0.02526 -0.22339 -0.15285 0.96234
1518196826.016055712 -0.45264 0.02845 0.01155 -0.02712 -0.22390 -0.15256 0.96222
1518196826.026070321 -0.45252 0.03057 0.01618 -0.02928 -0.22362 -0.15204 0.96230
1518196826.036082817 -0.45486 0.03471 0.01486 -0.02986 -0.22369 -0.15155 0.96234
1518196826.046097242 -0.45069 0.03767 0.01538 -0.03113 -0.22276 -0.15344 0.96222
1518196826.056110589 -0.44883 0.03879 0.01635 -0.03168 -0.22407 -0.15174 0.96217
1518196826.066125627 -0.44365 0.03966 0.01729 -0.03349 -0.22288 -0.15144 0.96243
1518196826.076139448 -0.44412 0.04115 0.01905 -0.03513 -0.22281 -0.15252 0.96222
1518196826.086151800 -0.44831 0.04496 0.01984 -0.03618 -0.22346 -0.15272 0.96199
1518196826.096164506 -0.44475 0.04787 0.02175 -0.03821 -0.22278 -0.15054 0.96242
1518196826.106180454 -0.44055 0.04715 0.02165 -0.03980 -0.22218 -0.15026 0.96254
1518196826.116207399 -0.43635 0.04663 0.02090 -0.04118 -0.22088 -0.15024 0.96278
1518196826.126214924 -0.43274 0.04447 0.02171 -0.04423 -0.22087 -0.15108 0.96251
1518196826.136225777 -0.43382 0.04751 0.02631 -0.04689 -0.22223 -0.15100 0.96209
1518196826.146240807 -0.42976 0.04682 0.02597 -0.04771 -0.22036 -0.15158 0.96239
1518196826.156249075 -0.42473 0.04544 0.02377 -0.04919 -0.21945 -0.15116 0.96259
1518196826.166267866 -0.42224 0.04442 0.02327 -0.05088 -0.21824 -0.15230 0.96259
1518196826.176296470 -0.41869 0.04159 0.02591 -0.05318 -0.21728 -0.14965 0.96310
1518196826.186348830 -0.41976 0.04569 0.02974 -0.05463 -0.21808 -0.14826 0.96306
1518196826.196400847 -0.41652 0.04611 0.03169 -0.05630 -0.21505 -0.14814 0.96366
1518196826.206463055 -0.41136 0.04305 0.02974 -0.05691 -0.21310 -0.14869 0.96397
1518196826.216514192 -0.40921 0.04129 0.02937 -0.05718 -0.21153 -0.15065 0.96400
1518196826.226566714 -0.40551 0.04168 0.02777 -0.05915 -0.21014 -0.15050 0.96421
1518196826.236621855 -0.40302 0.04332 0.02633 -0.05955 -0.20837 -0.14796 0.96496
1518196826.246673361 -0.40004 0.04306 0.02626 -0.06032 -0.20614 -0.14585 0.96571
1518196826.256728185 -0.39826 0.04342 0.03259 -0.05970 -0.20507 -0.14569 0.96600
1518196826.266783829 -0.39657 0.04437 0.03266 -0.05901 -0.20336 -0.14794 0.96606
1518196826.276802385 -0.39358 0.04349 0.03645 -0.05792 -0.20051 -0.14454 0.96724
1518196826.286803412 -0.39192 0.04556 0.03382 -0.06003 -0.19850 -0.14201 0.96790
1518196826.296854566 -0.38719 0.04185 0.03279 -0.05930 -0.19664 -0.13996 0.96862
1518196826.306905754 -0.38579 0.04067 0.03511 -0.05867 -0.19505 -0.14023 0.96894
1518196826.316956891 -0.38206 0.03908 0.03532 -0.05799 -0.19333 -0.14287 0.96894
1518196826.327010756 -0.37938 0.03765 0.03633 -0.05927 -0.19158 -0.13826 0.96988
1518196826.337063513 -0.37925 0.03594 0.03860 -0.05872 -0.19022 -0.13862 0.97013
1518196826.347122826 -0.37615 0.03462 0.03885 -0.05761 -0.18944 -0.13939 0.97024
1518196826.357164712 -0.37284 0.03232 0.03648 -0.05667 -0.18767 -0.13669 0.97102
1518196826.367185147 -0.36843 0.02984 0.03689 -0.05610 -0.18717 -0.13580 0.97128
1518196826.377197841 -0.36414 0.02718 0.03300 -0.05541 -0.18562 -0.13544 0.97166
1518196826.387215323 -0.36158 0.02586 0.03188 -0.05601 -0.18351 -0.13305 0.97236
1518196826.397239452 -0.36264 0.02352 0.03504 -0.05354 -0.18213 -0.13180 0.97293
1518196826.407256294 -0.35952 0.02123 0.03542 -0.05268 -0.18097 -0.13224 0.97313
1518196826.417266368 -0.35598 0.01976 0.03152 -0.05115 -0.17941 -0.13085 0.97369
1518196826.427282884 -0.35262 0.01658 0.03214 -0.04992 -0.17857 -0.13112 0.97387
1518196826.437298837 -0.35229 0.01572 0.03214 -0.04921 -0.17730 -0.13118 0.97413
1518196826.447317650 -0.35157 0.01363 0.03516 -0.04681 -0.17597 -0.13042 0.97459
1518196826.457343342 -0.34830 0.01238 0.03121 -0.04491 -0.17435 -0.12944 0.97511
1518196826.467354280 -0.34592 0.00961 0.03264 -0.04210 -0.17329 -0.12723 0.97571
1518196826.477372743 -0.34460 0.00845 0.03418 -0.04062 -0.17252 -0.12674 0.97597
1518196826.487390178 -0.34231 0.00586 0.02721 -0.03847 -0.17194 -0.12636 0.97621
1518196826.497406177 -0.34036 0.00358 0.03200 -0.03587 -0.16937 -0.12651 0.97674
1518196826.507417080 -0.33908 0.00189 0.02990 -0.03309 -0.16870 -0.12598 0.97702
1518196826.517433728 -0.33693 -0.00145 0.02870 -0.03119 -0.16796 -0.12447 0.97741
1518196826.527455372 -0.33567 -0.00359 0.02875 -0.02898 -0.16712 -0.12403 0.97768
1518196826.537473411 -0.33537 -0.00507 0.02609 -0.02749 -0.16544 -0.12336 0.97809
1518196826.547489873 -0.33294 -0.00862 0.02715 -0.02483 -0.16439 -0.12332 0.97834
1518196826.557501786 -0.33503 -0.01060 0.02643 -0.02282 -0.16349 -0.12429 0.97842
1518196826.567523960 -0.33298 -0.01374 0.02370 -0.02060 -0.16303 -0.12337 0.97866
1518196826.577540518 -0.33018 -0.01693 0.02286 -0.01903 -0.16189 -0.12193 0.97906
1518196826.587555750 -0.33116 -0.01922 0.01989 -0.01768 -0.16074 -0.12173 0.97930
1518196826.597576899 -0.33455 -0.02202 0.02165 -0.01509 -0.16011 -0.12068 0.97958
1518196826.607604247 -0.33497 -0.02398 0.01868 -0.01285 -0.15942 -0.12199 0.97956
1518196826.617608308 -0.33456 -0.02614 0.01887 -0.01152 -0.15882 -0.12045 0.97986
1518196826.627626732 -0.33478 -0.02857 0.01875 -0.00926 -0.15917 -0.12091 0.97978
1518196826.637647521 -0.33421 -0.03011 0.01407 -0.00696 -0.15999 -0.12200 0.97953
1518196826.647663039 -0.33426 -0.03179 0.01531 -0.00546 -0.15979 -0.12158 0.97962
1518196826.657690474 -0.33431 -0.03382 0.01386 -0.00382 -0.15949 -0.12128 0.97971
1518196826.667701072 -0.33575 -0.03646 0.01320 -0.00220 -0.16061 -0.11959 0.97974
1518196826.677711037 -0.33704 -0.03803 0.01378 -0.00077 -0.16071 -0.12093 0.97957
1518196826.687744172 -0.33782 -0.03973 0.01418 -0.00049 -0.16166 -0.11825 0.97974
1518196826.697756996 -0.33958 -0.04299 0.01272 0.00247 -0.16220 -0.11978 0.97946
1518196826.707773700 -0.33797 -0.04387 0.00970 0.00404 -0.16353 -0.11953 0.97926
1518196826.717788543 -0.33771 -0.04476 0.01352 0.00492 -0.16555 -0.11867 0.97902
1518196826.727841021 -0.33881 -0.04576 0.01277 0.00624 -0.16680 -0.11933 0.97872
1518196826.737893851 -0.34095 -0.04478 0.00989 0.00801 -0.16832 -0.11959 0.97842
1518196826.747946539 -0.34199 -0.04654 0.00765 0.00970 -0.16964 -0.11969 0.97816
1518196826.757999171 -0.34453 -0.04719 0.00770 0.01091 -0.17094 -0.12076 0.97779
1518196826.768059491 -0.34692 -0.04734 0.01136 0.01201 -0.17141 -0.12210 0.97753
1518196826.778101153 -0.34875 -0.04601 0.01054 0.01403 -0.17252 -0.12105 0.97744
1518196826.788114688 -0.34905 -0.04654 0.00683 0.01535 -0.17439 -0.12102 0.97709
1518196826.798130667 -0.35163 -0.04668 0.00509 0.01764 -0.17664 -0.12199 0.97653
1518196826.808141871 -0.35387 -0.04467 0.00845 0.01898 -0.17748 -0.12210 0.97634
1518196826.818156436 -0.35536 -0.04398 0.00375 0.02002 -0.17875 -0.12363 0.97589
1518196826.828172148 -0.35711 -0.04252 0.00402 0.02195 -0.18105 -0.12440 0.97533
1518196826.838183908 -0.36030 -0.04139 0.00571 0.02292 -0.18194 -0.12361 0.97524
1518196826.848196828 -0.36212 -0.04198 0.00331 0.02405 -0.18336 -0.12505 0.97476
1518196826.858205986 -0.36509 -0.04216 0.00412 0.02349 -0.18518 -0.12269 0.97473
1518196826.868218506 -0.36635 -0.04248 0.00160 0.02391 -0.18716 -0.12412 0.97416
1518196826.878231658 -0.36887 -0.04286 -0.00054 0.02583 -0.18797 -0.12480 0.97387
1518196826.888244366 -0.37255 -0.04080 0.00097 0.02615 -0.18813 -0.12459 0.97386
1518196826.898258737 -0.37392 -0.04192 -0.00431 0.02611 -0.18951 -0.12749 0.97322
1518196826.908272506 -0.37580 -0.04149 -0.00964 0.02675 -0.19076 -0.12563 0.97320
1518196826.918287924 -0.37726 -0.03943 -0.00498 0.02678 -0.19281 -0.12903 0.97235
1518196826.928302322 -0.38074 -0.03817 -0.00625 0.02563 -0.19292 -0.12909 0.97235
1518196826.938324244 -0.38269 -0.03901 -0.00737 0.02604 -0.19438 -0.12899 0.97206
1518196826.948488650 -0.38488 -0.03808 -0.00851 0.02574 -0.19718 -0.13074 0.97127
1518196826.958541415 -0.38514 -0.03623 -0.00604 0.02667 -0.19934 -0.13021 0.97088
1518196826.968594248 -0.38662 -0.03727 -0.00510 0.02591 -0.20002 -0.13075 0.97068
1518196826.978603096 -0.39072 -0.03654 -0.00652 0.02446 -0.20123 -0.13066 0.97048
1518196826.988655853 -0.39290 -0.03560 -0.00851 0.02498 -0.20151 -0.13457 0.96988
1518196826.998721290 -0.39792 -0.03236 -0.00790 0.02468 -0.20348 -0.13633 0.96923
1518196827.008756338 -0.40160 -0.03099 -0.00617 0.02425 -0.20411 -0.13579 0.96918
1518196827.018758601 -0.40304 -0.02959 -0.00685 0.02369 -0.20472 -0.13591 0.96905
1518196827.028811355 -0.40559 -0.02667 -0.00915 0.02324 -0.20541 -0.13811 0.96860
1518196827.038864054 -0.40684 -0.02649 -0.00737 0.02319 -0.20690 -0.13630 0.96854
1518196827.048916570 -0.40836 -0.02316 -0.00940 0.02140 -0.20684 -0.13778 0.96839
1518196827.058969060 -0.41142 -0.02189 -0.00785 0.02003 -0.20817 -0.13783 0.96812
1518196827.069021888 -0.41371 -0.02014 -0.00982 0.01912 -0.20928 -0.13822 0.96785
1518196827.079074596 -0.41596 -0.01764 -0.00846 0.01799 -0.21058 -0.13891 0.96749
1518196827.089127211 -0.41628 -0.01517 -0.00603 0.01794 -0.21060 -0.13872 0.96751
1518196827.099180074 -0.41821 -0.01299 -0.00707 0.01656 -0.21152 -0.14005 0.96715
1518196827.109232777 -0.42265 -0.00957 -0.00652 0.01492 -0.21120 -0.14047 0.96718
1518196827.119285787 -0.42359 -0.00811 -0.00260 0.01303 -0.21298 -0.14134 0.96669
1518196827.129339303 -0.42436 -0.00579 -0.00363 0.01155 -0.21387 -0.14120 0.96653
1518196827.139400890 -0.42578 -0.00397 -0.00464 0.00911 -0.21368 -0.14288 0.96636
1518196827.149456716 -0.42781 -0.00205 -0.00385 0.00735 -0.21491 -0.14290 0.96609
1518196827.159510625 -0.42806 -0.00014 -0.00353 0.00519 -0.21491 -0.14299 0.96610
1518196827.169532641 -0.42948 0.00210 -0.00255 0.00261 -0.21522 -0.14448 0.96581
1518196827.179549866 -0.43070 0.00498 -0.00177 -0.00004 -0.21571 -0.14384 0.96581
1518196827.189566480 -0.43188 0.00773 0.00045 -0.00211 -0.21494 -0.14459 0.96586
1518196827.199584548 -0.43279 0.00882 0.00052 -0.00490 -0.21568 -0.14451 0.96570
1518196827.209606056 -0.43462 0.01227 0.00305 -0.00683 -0.21521 -0.14497 0.96572
1518196827.219622593 -0.43491 0.01499 0.00456 -0.00962 -0.21537 -0.14545 0.96559
1518196827.229634362 -0.43590 0.01776 0.00549 -0.01196 -0.21465 -0.14586 0.96567
1518196827.239650922 -0.43681 0.01958 0.00682 -0.01490 -0.21441 -0.14553 0.96572
1518196827.249676185 -0.43661 0.02271 0.00718 -0.01629 -0.21414 -0.14727 0.96550
1518196827.259710141 -0.43859 0.02530 0.00946 -0.01969 -0.21222 -0.14748 0.96583
1518196827.269765477 -0.43827 0.02661 0.00866 -0.02220 -0.21136 -0.14723 0.96600
1518196827.279778306 -0.44021 0.02903 0.00894 -0.02474 -0.21172 -0.14832 0.96569
1518196827.289799143 -0.43813 0.03124 0.00600 -0.02757 -0.21085 -0.14890 0.96572
1518196827.299811125 -0.43888 0.03293 0.00739 -0.03006 -0.20922 -0.14799 0.96614
1518196827.309863450 -0.43862 0.03600 0.00953 -0.03262 -0.20931 -0.14894 0.96589
1518196827.319915015 -0.43733 0.03755 0.01077 -0.03467 -0.20870 -0.14821 0.96606
1518196827.329966298 -0.43549 0.04022 0.00809 -0.03727 -0.20761 -0.14867 0.96613
1518196827.340017477 -0.43776 0.04244 0.00962 -0.03895 -0.20563 -0.14873 0.96648
1518196827.350068675 -0.43869 0.04461 0.01310 -0.04165 -0.20449 -0.14879 0.96660
1518196827.360119848 -0.43659 0.04531 0.00844 -0.04390 -0.20390 -0.14856 0.96666
1518196827.370171018 -0.43571 0.04560 0.00905 -0.04636 -0.20183 -0.14870 0.96696
1518196827.380222200 -0.43484 0.04830 0.00919 -0.04772 -0.20027 -0.14954 0.96708
1518196827.390273751 -0.43440 0.04865 0.00991 -0.05064 -0.20002 -0.14575 0.96757
1518196827.400326561 -0.43359 0.05047 0.01159 -0.05171 -0.20007 -0.14725 0.96727
1518196827.410379374 -0.42807 0.05155 0.00820 -0.05370 -0.19946 -0.14610 0.96746
1518196827.420433397 -0.42235 0.05002 0.00723 -0.05534 -0.19812 -0.14522 0.96778
1518196827.430489858 -0.41919 0.05192 0.00655 -0.05686 -0.19796 -0.14526 0.96772
1518196827.440547554 -0.41505 0.05223 0.00452 -0.05806 -0.19607 -0.14449 0.96815
1518196827.450604528 -0.41441 0.05162 0.00493 -0.05944 -0.19515 -0.14375 0.96836
1518196827.460695664 -0.41054 0.05187 0.00707 -0.06096 -0.19282 -0.14175 0.96903
1518196827.470725255 -0.40732 0.05154 0.00631 -0.06239 -0.19078 -0.13866 0.96979
1518196827.480726472 -0.40292 0.05083 0.00434 -0.06388 -0.18861 -0.13685 0.97037
1518196827.490730413 -0.39780 0.04898 -0.00159 -0.06540 -0.18645 -0.13451 0.97101
1518196827.500733733 -0.39339 0.04874 -0.00269 -0.06586 -0.18470 -0.13523 0.97122
1518196827.510735828 -0.38910 0.04832 -0.00210 -0.06543 -0.18207 -0.13214 0.97217
1518196827.520788653 -0.38516 0.05092 0.00040 -0.06537 -0.17979 -0.12966 0.97293
1518196827.530843855 -0.38382 0.05120 0.00354 -0.06517 -0.17674 -0.12821 0.97369
1518196827.540897196 -0.37859 0.05121 0.00103 -0.06469 -0.17361 -0.12679 0.97447
1518196827.550950393 -0.37354 0.05139 -0.00011 -0.06379 -0.17089 -0.12456 0.97530
1518196827.561005063 -0.36827 0.05120 -0.00090 -0.06304 -0.16770 -0.12096 0.97636
1518196827.571057703 -0.36340 0.05204 -0.00163 -0.06169 -0.16566 -0.11878 0.97706
1518196827.581111133 -0.35803 0.05254 -0.00184 -0.06225 -0.16296 -0.11720 0.97767
1518196827.591172304 -0.35255 0.05299 -0.00384 -0.06035 -0.16055 -0.11438 0.97852
1518196827.601219012 -0.34503 0.05172 -0.00740 -0.06027 -0.15786 -0.11150 0.97929
1518196827.611233463 -0.34071 0.05101 -0.00274 -0.05938 -0.15562 -0.10774 0.98013
1518196827.621251648 -0.33213 0.04985 -0.00759 -0.05830 -0.15269 -0.10702 0.98073
1518196827.631266858 -0.32780 0.04924 -0.00777 -0.05802 -0.14949 -0.10134 0.98184
1518196827.641279166 -0.32253 0.05040 -0.00846 -0.05684 -0.14693 -0.10116 0.98232
1518196827.651301441 -0.31776 0.04916 -0.00880 -0.05568 -0.14454 -0.10007 0.98285
1518196827.661313068 -0.30872 0.04731 -0.01310 -0.05580 -0.14009 -0.09543 0.98395
1518196827.671315465 -0.30409 0.04690 -0.01143 -0.05531 -0.13747 -0.09142 0.98473
1518196827.681332698 -0.29836 0.04576 -0.01013 -0.05487 -0.13511 -0.09076 0.98514
1518196827.691340814 -0.29246 0.04641 -0.01124 -0.05432 -0.13214 -0.08676 0.98593
1518196827.701362448 -0.28758 0.04688 -0.00889 -0.05357 -0.12932 -0.08564 0.98644
1518196827.711376818 -0.28075 0.04564 -0.01190 -0.05252 -0.12708 -0.08464 0.98688
1518196827.721391233 -0.27515 0.04459 -0.01136 -0.05256 -0.12356 -0.08029 0.98769
1518196827.731404332 -0.26981 0.04373 -0.01174 -0.05196 -0.11976 -0.07881 0.98830
1518196827.741422641 -0.26470 0.04252 -0.00986 -0.05254 -0.11622 -0.07233 0.98919
1518196827.751428603 -0.26001 0.03948 -0.01563 -0.05192 -0.11361 -0.07480 0.98934
1518196827.761441726 -0.25430 0.03827 -0.01355 -0.05122 -0.11014 -0.07153 0.99001
1518196827.771456604 -0.24615 0.03770 -0.01732 -0.05150 -0.10650 -0.06730 0.99069
1518196827.781471252 -0.24149 0.03559 -0.01350 -0.05096 -0.10367 -0.06626 0.99109
1518196827.791490404 -0.23706 0.03368 -0.01847 -0.05049 -0.10026 -0.06431 0.99160
1518196827.801500739 -0.23335 0.03069 -0.01976 -0.05034 -0.09729 -0.06249 0.99202
1518196827.811509233 -0.22655 0.02836 -0.01951 -0.05021 -0.09343 -0.05876 0.99262
1518196827.821527819 -0.22276 0.02685 -0.02198 -0.04937 -0.09101 -0.05588 0.99305
1518196827.831538546 -0.21783 0.02515 -0.02206 -0.04848 -0.08834 -0.05695 0.99328
1518196827.841591871 -0.21090 0.02163 -0.02896 -0.04689 -0.08610 -0.05440 0.99369
1518196827.851667367 -0.20742 0.02012 -0.02766 -0.04579 -0.08302 -0.05424 0.99402
1518196827.861689651 -0.20496 0.01901 -0.02371 -0.04502 -0.08017 -0.05002 0.99451
1518196827.871702736 -0.20066 0.01699 -0.02522 -0.04356 -0.07663 -0.04936 0.99488
1518196827.881707244 -0.19764 0.01532 -0.02669 -0.04232 -0.07468 -0.04675 0.99521
1518196827.891760110 -0.19301 0.01294 -0.03639 -0.04047 -0.07252 -0.04507 0.99553
1518196827.901770497 -0.18945 0.01063 -0.03523 -0.03941 -0.06956 -0.04447 0.99581
1518196827.911788000 -0.18633 0.00882 -0.03570 -0.03739 -0.06661 -0.04513 0.99606
1518196827.921802128 -0.18397 0.00690 -0.03670 -0.03573 -0.06401 -0.04226 0.99641
1518196827.931816022 -0.18081 0.00610 -0.03809 -0.03410 -0.06091 -0.04143 0.99670
1518196827.941869026 -0.17958 0.00346 -0.04164 -0.03207 -0.05846 -0.03827 0.99704
1518196827.951921563 -0.17748 0.00082 -0.04407 -0.03066 -0.05588 -0.03903 0.99720
1518196827.961974076 -0.17504 -0.00294 -0.04683 -0.02917 -0.05350 -0.03746 0.99744
1518196827.972027789 -0.17209 -0.00526 -0.05028 -0.02780 -0.05078 -0.03570 0.99768
1518196827.982081075 -0.16900 -0.00698 -0.05455 -0.02492 -0.04964 -0.03436 0.99786
1518196827.992133681 -0.16654 -0.00710 -0.05201 -0.02386 -0.04715 -0.03475 0.99800
1518196828.002186427 -0.16513 -0.00893 -0.05488 -0.02241 -0.04484 -0.03627 0.99808
1518196828.012239631 -0.16431 -0.01106 -0.05423 -0.01983 -0.04257 -0.03493 0.99829
1518196828.022292243 -0.16162 -0.01346 -0.05866 -0.01811 -0.04114 -0.03366 0.99842
1518196828.032344616 -0.16104 -0.01578 -0.06279 -0.01567 -0.03960 -0.03272 0.99856
1518196828.042397012 -0.16023 -0.01768 -0.06312 -0.01402 -0.03903 -0.03252 0.99861
1518196828.052449506 -0.16028 -0.02114 -0.07127 -0.01254 -0.03803 -0.03153 0.99870
1518196828.062500676 -0.15731 -0.02260 -0.06960 -0.01116 -0.03661 -0.02956 0.99883
1518196828.072553383 -0.15643 -0.02486 -0.07337 -0.00924 -0.03520 -0.03014 0.99888
1518196828.082605768 -0.15614 -0.02555 -0.07244 -0.00661 -0.03386 -0.03099 0.99892
1518196828.092677363 -0.15490 -0.02888 -0.07571 -0.00414 -0.03328 -0.02701 0.99907
1518196828.102729931 -0.15380 -0.03103 -0.07951 -0.00333 -0.03311 -0.02880 0.99903
1518196828.112784371 -0.15369 -0.03413 -0.08244 -0.00173 -0.03230 -0.02759 0.99910
1518196828.122840629 -0.15278 -0.03604 -0.08309 0.00042 -0.03143 -0.02787 0.99912
1518196828.132901603 -0.15262 -0.03707 -0.08657 0.00215 -0.03165 -0.02720 0.99913
1518196828.142962736 -0.15269 -0.03914 -0.08614 0.00419 -0.03185 -0.02862 0.99907
1518196828.152977813 -0.15248 -0.04140 -0.08826 0.00637 -0.03061 -0.02605 0.99917
1518196828.162991956 -0.15362 -0.04294 -0.09273 0.00859 -0.03047 -0.02638 0.99915
1518196828.173013141 -0.15421 -0.04108 -0.08957 0.01151 -0.03014 -0.02716 0.99911
1518196828.183028580 -0.15491 -0.04279 -0.09328 0.01324 -0.03010 -0.02728 0.99909
1518196828.193061531 -0.15536 -0.04371 -0.09693 0.01508 -0.03070 -0.02815 0.99902
1518196828.203113579 -0.15058 -0.04348 -0.09918 0.01746 -0.03191 -0.02607 0.99900
1518196828.213167653 -0.15043 -0.04497 -0.10494 0.01997 -0.03195 -0.02674 0.99893
1518196828.223220496 -0.15369 -0.04501 -0.10545 0.02260 -0.03197 -0.02833 0.99883
1518196828.233278706 -0.15625 -0.04432 -0.10535 0.02342 -0.03282 -0.02964 0.99875
1518196828.243336602 -0.15594 -0.04558 -0.10756 0.02545 -0.03324 -0.03079 0.99865
1518196828.253362717 -0.15635 -0.04394 -0.11119 0.02838 -0.03477 -0.03309 0.99844
1518196828.263385981 -0.15772 -0.04339 -0.11365 0.03068 -0.03527 -0.03206 0.99839
1518196828.273395894 -0.15734 -0.04243 -0.11669 0.03158 -0.03697 -0.03220 0.99830
1518196828.283407846 -0.15718 -0.04249 -0.11975 0.03319 -0.03765 -0.03288 0.99820
1518196828.293424812 -0.16123 -0.04239 -0.11707 0.03452 -0.03974 -0.03423 0.99803
1518196828.303449152 -0.16296 -0.04209 -0.11964 0.03574 -0.04096 -0.03513 0.99790
1518196828.313458679 -0.16437 -0.04169 -0.12616 0.03659 -0.04254 -0.03676 0.99775
1518196828.323482751 -0.16545 -0.04110 -0.12327 0.03813 -0.04367 -0.03606 0.99767
1518196828.333499566 -0.16831 -0.04038 -0.12903 0.03927 -0.04501 -0.04085 0.99738
1518196828.343516527 -0.17091 -0.03629 -0.13399 0.04045 -0.04547 -0.04151 0.99728
1518196828.353531935 -0.17353 -0.03730 -0.12975 0.04139 -0.04690 -0.04138 0.99718
1518196828.363550394 -0.17606 -0.03599 -0.13070 0.04212 -0.04881 -0.04393 0.99695
1518196828.373566754 -0.17785 -0.03380 -0.13715 0.04238 -0.04976 -0.04527 0.99683
1518196828.383581885 -0.18019 -0.03380 -0.13788 0.04316 -0.05176 -0.04563 0.99668
1518196828.393771169 -0.18185 -0.03322 -0.14320 0.04341 -0.05328 -0.04675 0.99654
1518196828.403823646 -0.18427 -0.03179 -0.14074 0.04296 -0.05443 -0.04773 0.99645
1518196828.413876525 -0.18663 -0.03149 -0.14207 0.04235 -0.05588 -0.05039 0.99627
1518196828.423929292 -0.18783 -0.02994 -0.14377 0.04249 -0.05706 -0.04991 0.99622
1518196828.433981942 -0.19084 -0.02914 -0.14715 0.04257 -0.05895 -0.05129 0.99603
1518196828.444034779 -0.19649 -0.02896 -0.14777 0.04180 -0.06045 -0.05330 0.99587
1518196828.454088299 -0.19687 -0.02619 -0.15016 0.04138 -0.06196 -0.05527 0.99569
1518196828.464141906 -0.19907 -0.02488 -0.14824 0.04058 -0.06392 -0.05339 0.99570
1518196828.474194799 -0.19995 -0.02217 -0.15073 0.04014 -0.06475 -0.05620 0.99551
1518196828.484247592 -0.20369 -0.02036 -0.15102 0.03946 -0.06592 -0.05586 0.99548
1518196828.494300224 -0.20462 -0.01823 -0.15397 0.03875 -0.06811 -0.05673 0.99531
1518196828.504353779 -0.20628 -0.01668 -0.15261 0.03766 -0.06950 -0.05765 0.99520
1518196828.514406061 -0.20920 -0.01435 -0.15207 0.03706 -0.07097 -0.05906 0.99504
1518196828.524473528 -0.21263 -0.01260 -0.15438 0.03579 -0.07105 -0.05894 0.99509
1518196828.534496614 -0.21616 -0.00915 -0.15402 0.03515 -0.07189 -0.06123 0.99491
1518196828.544509665 -0.21710 -0.00735 -0.15789 0.03344 -0.07277 -0.06251 0.99483
1518196828.554518227 -0.21939 -0.00577 -0.15870 0.03237 -0.07446 -0.06177 0.99478
1518196828.564543353 -0.22105 -0.00159 -0.15475 0.03181 -0.07585 -0.06144 0.99472
1518196828.574552191 -0.21973 0.00131 -0.16052 0.03042 -0.07693 -0.06257 0.99461
1518196828.584569810 -0.22146 0.00400 -0.15988 0.02977 -0.07820 -0.06263 0.99452
1518196828.594584355 -0.22112 0.00871 -0.16080 0.02824 -0.07960 -0.06297 0.99444
1518196828.604607853 -0.22247 0.01173 -0.16024 0.02660 -0.08073 -0.06279 0.99440
1518196828.614625244 -0.22193 0.01467 -0.16274 0.02554 -0.08169 -0.06204 0.99440
1518196828.624636112 -0.22237 0.01786 -0.16247 0.02428 -0.08289 -0.06280 0.99428
1518196828.634662113 -0.22215 0.02167 -0.16065 0.02345 -0.08413 -0.06255 0.99421
1518196828.644715674 -0.22323 0.02460 -0.16518 0.02189 -0.08546 -0.06178 0.99418
1518196828.654769391 -0.22506 0.02952 -0.16056 0.01992 -0.08515 -0.06263 0.99420
1518196828.664821904 -0.22498 0.03144 -0.16641 0.01895 -0.08575 -0.06332 0.99412
1518196828.674874543 -0.22478 0.03436 -0.16279 0.01679 -0.08497 -0.06208 0.99431
1518196828.684927046 -0.22534 0.03890 -0.16475 0.01486 -0.08607 -0.06185 0.99426
1518196828.694979701 -0.22463 0.04206 -0.16205 0.01359 -0.08681 -0.06076 0.99428
1518196828.705032436 -0.22557 0.04563 -0.16298 0.01177 -0.08675 -0.06193 0.99423
1518196828.715054391 -0.22315 0.04874 -0.15879 0.00999 -0.08583 -0.05965 0.99447
1518196828.725115442 -0.22044 0.05309 -0.16613 0.00697 -0.08603 -0.06013 0.99445
1518196828.735173190 -0.22188 0.05514 -0.15979 0.00599 -0.08570 -0.05945 0.99453
1518196828.745191350 -0.22042 0.05928 -0.16448 0.00362 -0.08486 -0.05807 0.99469
1518196828.755207117 -0.21931 0.06181 -0.16114 0.00150 -0.08363 -0.05630 0.99490
1518196828.765221988 -0.21709 0.06439 -0.15711 -0.00086 -0.08481 -0.05747 0.99474
1518196828.775237814 -0.21395 0.06789 -0.15754 -0.00350 -0.08336 -0.05679 0.99489
1518196828.785253228 -0.21424 0.07089 -0.15330 -0.00539 -0.08325 -0.05649 0.99491
1518196828.795271009 -0.21009 0.07296 -0.15793 -0.00764 -0.08286 -0.05327 0.99511
1518196828.805286765 -0.20902 0.07515 -0.15557 -0.00954 -0.08217 -0.05423 0.99510
1518196828.815308756 -0.20668 0.07812 -0.15304 -0.01194 -0.08133 -0.05187 0.99526
1518196828.825329796 -0.20538 0.08198 -0.15363 -0.01432 -0.08115 -0.05137 0.99527
1518196828.835342238 -0.20233 0.08374 -0.15036 -0.01661 -0.08000 -0.05022 0.99539
1518196828.845359858 -0.20275 0.08424 -0.14898 -0.01824 -0.07893 -0.04912 0.99550
1518196828.855375972 -0.20197 0.08635 -0.15093 -0.02024 -0.07786 -0.04909 0.99555
1518196828.865393220 -0.19945 0.08896 -0.14737 -0.02260 -0.07641 -0.05019 0.99556
1518196828.875405913 -0.19651 0.09059 -0.14815 -0.02501 -0.07471 -0.04692 0.99579
1518196828.885422401 -0.19287 0.09160 -0.14781 -0.02669 -0.07462 -0.04398 0.99588
1518196828.895444168 -0.18986 0.09404 -0.14400 -0.02845 -0.07274 -0.04308 0.99601
1518196828.905460318 -0.18760 0.09591 -0.14487 -0.02956 -0.07112 -0.04370 0.99607
1518196828.915472999 -0.18552 0.09837 -0.14574 -0.03122 -0.07039 -0.04136 0.99617
1518196828.925505313 -0.17990 0.09992 -0.14663 -0.03323 -0.06900 -0.04055 0.99624
1518196828.935511352 -0.17740 0.10168 -0.14467 -0.03460 -0.06708 -0.03857 0.99640
1518196828.945528020 -0.17418 0.10349 -0.14431 -0.03575 -0.06491 -0.03672 0.99657
1518196828.955545471 -0.17115 0.10443 -0.14268 -0.03613 -0.06485 -0.03485 0.99663
1518196828.965570372 -0.16586 0.10408 -0.14365 -0.03788 -0.06279 -0.03361 0.99674
1518196828.975587204 -0.16311 0.10640 -0.14109 -0.03870 -0.06045 -0.03447 0.99683
1518196828.985605001 -0.15775 0.10710 -0.14352 -0.04071 -0.05880 -0.03441 0.99685
1518196828.995615207 -0.15546 0.10716 -0.14322 -0.04296 -0.05585 -0.03320 0.99696
1518196829.005620391 -0.15396 0.10624 -0.14197 -0.04374 -0.05363 -0.03190 0.99709
1518196829.015628581 -0.14836 0.10684 -0.14507 -0.04507 -0.05112 -0.02864 0.99726
1518196829.025682154 -0.14513 0.10673 -0.14386 -0.04559 -0.04888 -0.02997 0.99731
1518196829.035735744 -0.14158 0.10936 -0.14093 -0.04662 -0.04652 -0.03010 0.99737
1518196829.045788491 -0.13895 0.10981 -0.14486 -0.04601 -0.04439 -0.02715 0.99758
1518196829.055840878 -0.13617 0.11045 -0.14542 -0.04620 -0.04199 -0.02617 0.99771
1518196829.065893672 -0.13094 0.10923 -0.14165 -0.04680 -0.04008 -0.02326 0.99783
1518196829.075946162 -0.12827 0.11058 -0.14889 -0.04686 -0.03849 -0.02170 0.99792
1518196829.085999312 -0.12438 0.11051 -0.14644 -0.04654 -0.03602 -0.02358 0.99799
1518196829.096051776 -0.12014 0.11252 -0.14148 -0.04626 -0.03208 -0.02016 0.99821
1518196829.106105559 -0.11811 0.10757 -0.14151 -0.04630 -0.03082 -0.01840 0.99828
1518196829.116156776 -0.11107 0.10731 -0.14581 -0.04691 -0.02860 -0.01807 0.99833
1518196829.126209176 -0.10734 0.10791 -0.15024 -0.04755 -0.02618 -0.02034 0.99832
1518196829.136263638 -0.10278 0.10702 -0.14877 -0.04715 -0.02343 -0.01840 0.99844
1518196829.146318132 -0.10069 0.10374 -0.15004 -0.04740 -0.02027 -0.01785 0.99851
1518196829.156343884 -0.09584 0.10159 -0.15728 -0.04751 -0.01709 -0.01725 0.99858
1518196829.166358584 -0.09482 0.10022 -0.15587 -0.04766 -0.01459 -0.01651 0.99862
1518196829.176371118 -0.09349 0.09968 -0.16146 -0.04752 -0.01260 -0.01812 0.99863
1518196829.186384859 -0.08906 0.09840 -0.15547 -0.04730 -0.00894 -0.01631 0.99871
1518196829.196399138 -0.08464 0.09811 -0.16105 -0.04715 -0.00693 -0.01935 0.99868
1518196829.206412748 -0.08349 0.09717 -0.15754 -0.04489 -0.00547 -0.01828 0.99881
1518196829.216419823 -0.07690 0.09612 -0.15997 -0.04418 -0.00275 -0.01588 0.99889
1518196829.226442878 -0.07371 0.09453 -0.16367 -0.04409 -0.00168 -0.01731 0.99888
1518196829.236453323 -0.07343 0.09310 -0.16572 -0.04244 -0.00054 -0.01968 0.99891
1518196829.246466737 -0.07016 0.08963 -0.16534 -0.04178 0.00130 -0.01587 0.99900
1518196829.256481159 -0.06834 0.08759 -0.16978 -0.04096 0.00358 -0.01477 0.99905
1518196829.266494388 -0.06873 0.08526 -0.17457 -0.04061 0.00455 -0.01408 0.99907
1518196829.276508882 -0.06712 0.08249 -0.17887 -0.03999 0.00697 -0.01279 0.99909
1518196829.286521369 -0.06635 0.08022 -0.17732 -0.03912 0.00771 -0.01412 0.99911
1518196829.296548613 -0.06307 0.07821 -0.17976 -0.03745 0.00985 -0.01332 0.99916
1518196829.306561497 -0.06091 0.07617 -0.17469 -0.03666 0.01020 -0.01382 0.99918
1518196829.316614256 -0.06112 0.07431 -0.17474 -0.03578 0.01135 -0.01478 0.99919
1518196829.326665731 -0.05814 0.07223 -0.17632 -0.03461 0.01312 -0.01250 0.99924
1518196829.336672753 -0.05701 0.06921 -0.17943 -0.03297 0.01399 -0.01191 0.99929
1518196829.346725402 -0.05281 0.06532 -0.18816 -0.03099 0.01448 -0.01245 0.99934
1518196829.356778651 -0.05296 0.06410 -0.18751 -0.02988 0.01513 -0.01253 0.99936
1518196829.366832042 -0.05257 0.06191 -0.18323 -0.02843 0.01597 -0.01253 0.99939
1518196829.376883264 -0.05177 0.05977 -0.19010 -0.02631 0.01598 -0.01208 0.99945
1518196829.386934409 -0.05234 0.05919 -0.19230 -0.02493 0.01650 -0.01255 0.99947
1518196829.396985667 -0.04783 0.05689 -0.19130 -0.02338 0.01589 -0.01225 0.99953
1518196829.407039061 -0.04990 0.05510 -0.19465 -0.02115 0.01473 -0.01363 0.99957
1518196829.417090397 -0.04870 0.05420 -0.19275 -0.01928 0.01458 -0.01829 0.99954
1518196829.427142900 -0.04771 0.05258 -0.19149 -0.01696 0.01437 -0.01390 0.99966
1518196829.437196251 -0.04831 0.05183 -0.19279 -0.01480 0.01371 -0.01809 0.99963
1518196829.447247436 -0.04875 0.05048 -0.18772 -0.01256 0.01415 -0.01891 0.99964
1518196829.457303402 -0.04823 0.04911 -0.19140 -0.01065 0.01545 -0.01730 0.99967
1518196829.467361089 -0.04899 0.04782 -0.18914 -0.00790 0.01475 -0.01872 0.99968
1518196829.477418875 -0.04634 0.04582 -0.19242 -0.00594 0.01381 -0.01688 0.99974
1518196829.487440198 -0.04395 0.04756 -0.18812 -0.00311 0.01315 -0.02036 0.99970
1518196829.497457687 -0.04443 0.04564 -0.19078 -0.00033 0.01275 -0.01668 0.99978
1518196829.507469421 -0.04496 0.04358 -0.19512 0.00160 0.01267 -0.01607 0.99979
1518196829.517486993 -0.04590 0.04172 -0.19297 0.00316 0.01030 -0.02303 0.99968
1518196829.527512078 -0.04543 0.03870 -0.19655 0.00467 0.00963 -0.02203 0.99970
1518196829.537540770 -0.04507 0.03550 -0.19233 0.00594 0.00842 -0.02418 0.99965
1518196829.547550374 -0.04664 0.03192 -0.20050 0.00856 0.00738 -0.02416 0.99964
1518196829.557569009 -0.04481 0.02990 -0.19613 0.00971 0.00515 -0.02475 0.99963
1518196829.567573135 -0.04591 0.02643 -0.20045 0.01097 0.00404 -0.02372 0.99965
1518196829.577625564 -0.04911 0.02558 -0.19678 0.01294 0.00244 -0.02787 0.99952
1518196829.587678062 -0.05087 0.02189 -0.19904 0.01447 0.00290 -0.02806 0.99950
1518196829.597732082 -0.05079 0.01983 -0.20159 0.01687 0.00200 -0.02855 0.99945
1518196829.607784435 -0.04943 0.01995 -0.20195 0.01936 -0.00019 -0.02989 0.99937
1518196829.617795364 -0.05482 0.01803 -0.20044 0.02146 -0.00168 -0.03175 0.99926
1518196829.627847700 -0.05558 0.01554 -0.20847 0.02373 -0.00258 -0.03273 0.99918
1518196829.637900226 -0.05941 0.01439 -0.20830 0.02563 -0.00597 -0.03269 0.99912
1518196829.647952678 -0.06008 0.01137 -0.21277 0.02764 -0.00689 -0.03561 0.99896
1518196829.658015873 -0.06649 0.01177 -0.21338 0.02941 -0.00690 -0.03608 0.99889
1518196829.668042087 -0.06813 0.00945 -0.21083 0.03099 -0.00916 -0.03759 0.99877
1518196829.678055298 -0.07128 0.00890 -0.21154 0.03267 -0.01097 -0.03974 0.99862
1518196829.688069330 -0.07511 0.00744 -0.21715 0.03384 -0.01375 -0.04248 0.99843
1518196829.698087982 -0.07647 0.00690 -0.21685 0.03602 -0.01658 -0.03963 0.99843
1518196829.708089874 -0.07971 0.00693 -0.21137 0.03664 -0.01867 -0.04153 0.99829
1518196829.718104016 -0.08171 0.00587 -0.21428 0.03811 -0.02183 -0.04185 0.99816
1518196829.728118931 -0.08414 0.00762 -0.21691 0.03927 -0.02432 -0.04354 0.99798
1518196829.738131879 -0.08565 0.00722 -0.20621 0.04010 -0.02643 -0.04493 0.99783
1518196829.748144843 -0.08877 0.00663 -0.20980 0.04082 -0.02887 -0.04497 0.99774
1518196829.758159203 -0.09120 0.00612 -0.21449 0.04081 -0.03164 -0.04979 0.99742
1518196829.768172808 -0.09310 0.00770 -0.22041 0.04054 -0.03472 -0.04694 0.99747
1518196829.778185723 -0.09522 0.00322 -0.21267 0.04220 -0.03765 -0.04849 0.99722
1518196829.788206047 -0.09938 0.00683 -0.20998 0.04176 -0.04003 -0.04907 0.99712
1518196829.798213170 -0.10134 0.00975 -0.21543 0.04147 -0.04210 -0.05255 0.99687
1518196829.808227053 -0.10232 0.01053 -0.21370 0.04222 -0.04503 -0.05068 0.99681
1518196829.818241564 -0.10465 0.01093 -0.21439 0.04197 -0.04696 -0.04915 0.99680
1518196829.828254056 -0.10847 0.01208 -0.21637 0.04140 -0.04918 -0.05070 0.99664
