1518196922.544194879 -0.00631 0.00180 -0.00779 0.00150 -0.00352 0.00077 0.99999
1518196922.554250591 -0.01138 0.00385 -0.00684 0.00203 -0.00461 0.00191 0.99999
1518196922.564307157 -0.01638 0.00142 -0.00516 0.00110 -0.00607 0.00225 0.99998
1518196922.574376194 -0.02234 0.00329 -0.00395 0.00261 -0.00649 0.00190 0.99997
1518196922.584430782 -0.02656 0.00335 -0.00092 0.00057 -0.00808 -0.00031 0.99997
1518196922.594518844 -0.03345 -0.00036 0.00156 -0.00028 -0.00966 0.00172 0.99995
1518196922.604582216 -0.04101 0.00053 0.00140 0.00087 -0.01010 0.00042 0.99995
1518196922.614653260 -0.04441 0.00027 -0.00348 0.00171 -0.01160 0.00173 0.99993
1518196922.624655849 -0.05143 -0.00021 0.00049 0.00140 -0.01377 0.00138 0.99990
1518196922.634708373 -0.05471 -0.00085 -0.00087 0.00085 -0.01533 0.00255 0.99988
1518196922.644761443 -0.06032 -0.00289 0.00052 0.00053 -0.01745 0.00069 0.99985
1518196922.654815398 -0.06359 -0.00235 -0.00087 0.00060 -0.02019 0.00184 0.99979
1518196922.664875365 -0.06772 0.00023 0.00470 0.00106 -0.02117 0.00147 0.99977
1518196922.674962116 -0.07228 -0.00181 -0.00029 0.00160 -0.02216 0.00240 0.99975
1518196922.685025583 -0.07674 -0.00039 -0.00087 0.00261 -0.02351 0.00342 0.99971
1518196922.695080410 -0.07922 -0.00613 -0.00383 0.00091 -0.02560 0.00240 0.99967
1518196922.705143526 -0.08287 -0.00757 -0.00350 0.00065 -0.02661 0.00342 0.99964
1518196922.715196889 -0.08634 -0.00537 -0.00365 0.00239 -0.02813 0.00281 0.99960
1518196922.725256828 -0.09327 -0.00863 -0.00503 0.00203 -0.02747 0.00385 0.99961
1518196922.735320841 -0.09768 -0.01231 -0.00560 -0.00046 -0.02762 0.00201 0.99962
1518196922.745378261 -0.09811 -0.00869 -0.00349 0.00071 -0.02981 0.00188 0.99955
1518196922.755432322 -0.10165 -0.01256 0.00037 -0.00069 -0.03152 0.00289 0.99950
1518196922.765486228 -0.10814 -0.00983 0.00111 0.00208 -0.03199 0.00098 0.99949
1518196922.775545457 -0.10717 -0.01212 -0.00535 0.00214 -0.03537 0.00491 0.99936
1518196922.785608011 -0.11080 -0.01247 -0.00952 0.00234 -0.03565 0.00281 0.99936
1518196922.795668040 -0.10975 -0.01725 -0.00182 -0.00051 -0.03669 0.00144 0.99933
1518196922.805726024 -0.11479 -0.01392 -0.00598 0.00144 -0.03761 0.00053 0.99929
1518196922.815785564 -0.11138 -0.01527 -0.00801 0.00268 -0.03926 0.00526 0.99921
1518196922.825844341 -0.11935 -0.01342 -0.01629 0.00510 -0.03970 0.00290 0.99919
1518196922.835918310 -0.12320 -0.01384 -0.01079 0.00505 -0.03978 0.00121 0.99919
1518196922.845971702 -0.12440 -0.00751 -0.00902 0.00747 -0.04073 0.00162 0.99914
1518196922.856028475 -0.12607 -0.01310 -0.00886 0.00763 -0.04271 0.00089 0.99906
1518196922.866086855 -0.13023 -0.01645 -0.01093 0.00507 -0.04202 0.00380 0.99910
1518196922.876145029 -0.12964 -0.01688 -0.01180 0.00568 -0.04385 0.00251 0.99902
1518196922.886206436 -0.12941 -0.01575 -0.00881 0.00523 -0.04570 0.00128 0.99894
1518196922.896272365 -0.12912 -0.01687 -0.01076 0.00668 -0.04786 -0.00025 0.99883
1518196922.906330635 -0.13105 -0.01833 -0.00637 0.00594 -0.04693 0.00104 0.99888
1518196922.916378280 -0.13617 -0.01456 -0.02626 0.00769 -0.04712 0.00402 0.99885
1518196922.921404446 -0.13362 -0.02514 -0.02243 0.00670 -0.04542 0.00433 0.99894
1518196922.931461332 -0.13061 -0.01775 -0.03757 0.00849 -0.04853 -0.00357 0.99878
1518196922.941528536 -0.13460 -0.02300 -0.02754 0.00619 -0.04751 -0.00489 0.99884
1518196922.951588062 -0.12419 -0.01363 -0.01536 0.00726 -0.05059 -0.01342 0.99860
1518196922.961645598 -0.13063 -0.02049 -0.03216 0.00829 -0.05219 0.00075 0.99860
1518196922.981750035 -0.12289 -0.02542 -0.03511 0.00968 -0.05343 0.00105 0.99852
1518196922.991806744 -0.12624 -0.02200 -0.04162 0.01048 -0.05371 -0.00119 0.99850
1518196923.001891266 -0.11971 -0.01799 -0.03018 0.01140 -0.05198 0.00407 0.99857
1518196923.011914351 -0.12038 -0.01671 -0.02698 0.01241 -0.05313 -0.00111 0.99851
1518196923.021994737 -0.12073 -0.01839 -0.02740 0.00768 -0.05178 -0.00629 0.99861
1518196923.032051392 -0.12484 -0.02112 -0.03553 0.00731 -0.04899 -0.00865 0.99874
1518196923.042107046 -0.12640 -0.01989 -0.04009 0.00969 -0.04868 -0.00661 0.99875
1518196923.052172872 -0.12486 -0.02622 -0.02330 0.01034 -0.04635 -0.00427 0.99886
1518196923.062252294 -0.12423 -0.02057 -0.03178 0.01347 -0.04379 -0.00170 0.99895
1518196923.072314365 -0.12175 -0.01493 -0.01177 0.01490 -0.04341 -0.00598 0.99893
1518196923.082380161 -0.12026 -0.00608 -0.02358 0.01522 -0.04472 -0.00918 0.99884
1518196923.092438341 -0.11834 -0.01644 -0.02706 0.01238 -0.04539 -0.00862 0.99886
1518196923.102492445 -0.11861 -0.02047 -0.02567 0.01082 -0.04448 -0.00830 0.99892
1518196923.112550516 -0.11536 -0.02770 -0.02277 0.00919 -0.04385 -0.00590 0.99898
1518196923.122615577 -0.11614 -0.03020 -0.03384 0.00875 -0.04378 -0.00862 0.99897
1518196923.132679406 -0.11501 -0.03119 -0.02410 0.00796 -0.04305 -0.01147 0.99898
1518196923.142744275 -0.11333 -0.02850 -0.02335 0.00809 -0.04105 -0.01349 0.99903
1518196923.152801987 -0.11310 -0.03069 -0.03137 0.00704 -0.04172 -0.01482 0.99899
1518196923.162866404 -0.10789 -0.02607 -0.03241 0.00931 -0.04100 -0.01278 0.99903
1518196923.172896907 -0.10477 -0.02211 -0.02368 0.01048 -0.03897 -0.01299 0.99910
1518196923.182951485 -0.10131 -0.02689 -0.03155 0.01170 -0.03842 -0.00767 0.99916
1518196923.193013234 -0.10146 -0.02527 -0.03090 0.00987 -0.03882 -0.01480 0.99909
1518196923.203070255 -0.09392 -0.02706 -0.02812 0.00982 -0.03826 -0.01224 0.99914
1518196923.213123862 -0.09408 -0.03018 -0.03800 0.01057 -0.03759 -0.01005 0.99919
1518196923.223184034 -0.08855 -0.02937 -0.03582 0.01006 -0.03917 -0.01649 0.99905
1518196923.233238949 -0.08578 -0.02878 -0.03041 0.00930 -0.03757 -0.01416 0.99915
1518196923.243292932 -0.08034 -0.02764 -0.03008 0.00930 -0.03834 -0.01364 0.99913
1518196923.253355775 -0.07948 -0.02579 -0.02817 0.01207 -0.03496 -0.01037 0.99926
1518196923.263413172 -0.07875 -0.02809 -0.03215 0.01073 -0.03377 -0.00872 0.99933
1518196923.273474811 -0.07316 -0.02515 -0.03743 0.01245 -0.03406 -0.01280 0.99926
1518196923.283568068 -0.06858 -0.02810 -0.02586 0.01113 -0.03238 -0.00900 0.99937
1518196923.293636038 -0.06443 -0.02516 -0.02381 0.01131 -0.03198 -0.01214 0.99935
1518196923.303689194 -0.05844 -0.01965 -0.02443 0.01266 -0.03109 -0.01456 0.99933
1518196923.313749502 -0.05699 -0.02178 -0.02052 0.01360 -0.02948 -0.01186 0.99940
1518196923.323808357 -0.05072 -0.02209 -0.02534 0.01427 -0.02946 -0.00977 0.99942
1518196923.333901112 -0.04671 -0.02737 -0.02515 0.01204 -0.02987 -0.01198 0.99941
1518196923.343957812 -0.04439 -0.02496 -0.02081 0.01208 -0.02888 -0.01333 0.99942
1518196923.354019987 -0.04306 -0.02654 -0.02603 0.01191 -0.02731 -0.01085 0.99950
1518196923.364079225 -0.04126 -0.02854 -0.01784 0.01073 -0.02477 -0.01087 0.99958
1518196923.374134911 -0.03121 -0.03092 -0.02756 0.01159 -0.02602 -0.01000 0.99954
1518196923.384200794 -0.02472 -0.02612 -0.02379 0.01189 -0.02624 -0.01119 0.99952
1518196923.394261097 -0.01727 -0.03008 -0.02500 0.01265 -0.02526 -0.01026 0.99955
1518196923.404328322 -0.01253 -0.02958 -0.01802 0.01268 -0.02420 -0.01114 0.99956
1518196923.414376664 -0.00729 -0.03065 -0.02810 0.01369 -0.02271 -0.01095 0.99959
1518196923.424438419 -0.00409 -0.02987 -0.02606 0.01431 -0.02275 -0.00943 0.99959
1518196923.434496823 -0.00096 -0.02684 -0.02694 0.01410 -0.02109 -0.01324 0.99959
1518196923.444550355 0.00568 -0.03039 -0.02816 0.01452 -0.01996 -0.00980 0.99965
1518196923.454610714 0.00904 -0.03145 -0.02795 0.01534 -0.02012 -0.01037 0.99963
1518196923.464668748 0.01795 -0.03064 -0.03006 0.01581 -0.02131 -0.00911 0.99961
1518196923.474730607 0.02079 -0.03097 -0.02428 0.01660 -0.01966 -0.01226 0.99959
1518196923.484802971 0.02782 -0.02856 -0.02903 0.01826 -0.01891 -0.01218 0.99958
1518196923.494872656 0.02972 -0.03139 -0.02556 0.01654 -0.01791 -0.01252 0.99962
1518196923.504924807 0.03721 -0.03049 -0.02755 0.01674 -0.01915 -0.01075 0.99962
1518196923.514977056 0.03953 -0.03489 -0.03397 0.01673 -0.01876 -0.01415 0.99958
1518196923.525030558 0.04484 -0.03401 -0.02906 0.01725 -0.01774 -0.01523 0.99958
1518196923.535085227 0.04908 -0.03622 -0.03262 0.01637 -0.01891 -0.01511 0.99957
1518196923.545143016 0.05527 -0.03192 -0.02991 0.01883 -0.01942 -0.01590 0.99951
1518196923.555196191 0.05748 -0.02873 -0.03427 0.02108 -0.01907 -0.01584 0.99947
1518196923.565248226 0.05976 -0.02704 -0.02832 0.02124 -0.01805 -0.01792 0.99945
1518196923.575302381 0.06058 -0.03204 -0.03054 0.02075 -0.01691 -0.02177 0.99940
1518196923.585361059 0.06379 -0.03072 -0.03012 0.01911 -0.01754 -0.01987 0.99947
1518196923.595398568 0.06565 -0.03099 -0.02880 0.01856 -0.01608 -0.02501 0.99939
1518196923.605457935 0.06693 -0.03018 -0.02125 0.01956 -0.01530 -0.02476 0.99938
1518196923.615518556 0.07298 -0.03015 -0.01878 0.02138 -0.01649 -0.02543 0.99931
1518196923.625574409 0.07415 -0.02266 -0.02797 0.02380 -0.01499 -0.02791 0.99921
1518196923.635628110 0.07904 -0.02119 -0.01944 0.02324 -0.01540 -0.02883 0.99920
1518196923.645692087 0.07876 -0.02303 -0.02056 0.02341 -0.01347 -0.03106 0.99915
1518196923.655752476 0.08309 -0.02569 -0.03842 0.02486 -0.01591 -0.03068 0.99909
1518196923.665814489 0.08929 -0.02502 -0.03092 0.02474 -0.01717 -0.03049 0.99908
1518196923.675918058 0.08528 -0.02148 -0.02044 0.02312 -0.01673 -0.03632 0.99893
1518196923.685987460 0.08992 -0.01938 -0.01677 0.02540 -0.01685 -0.03559 0.99890
1518196923.696050333 0.09170 -0.02038 -0.02818 0.02510 -0.01821 -0.04160 0.99865
1518196923.706108390 0.10127 -0.02390 -0.04166 0.02663 -0.01923 -0.03593 0.99881
1518196923.716140013 0.10179 -0.02344 -0.03545 0.02590 -0.02060 -0.03702 0.99877
1518196923.726165734 0.10783 -0.01769 -0.02912 0.02651 -0.02055 -0.03536 0.99881
1518196923.736222402 0.10362 -0.01831 -0.02646 0.02618 -0.01830 -0.03987 0.99869
1518196923.746284739 0.09925 -0.01631 -0.02322 0.02629 -0.01725 -0.04363 0.99855
1518196923.756342493 0.10063 -0.01356 -0.01720 0.02613 -0.01616 -0.04396 0.99856
1518196923.761369879 0.09827 -0.01267 -0.01977 0.02707 -0.01602 -0.04965 0.99827
1518196923.771424138 0.10210 -0.00649 -0.02739 0.02891 -0.01744 -0.04649 0.99835
1518196923.781485070 0.10655 -0.00970 -0.01969 0.02761 -0.01790 -0.05092 0.99816
1518196923.791544145 0.11135 -0.01018 -0.02471 0.02500 -0.01798 -0.05146 0.99820
1518196923.801599586 0.11052 -0.00441 -0.01925 0.02634 -0.02065 -0.04674 0.99835
1518196923.811657409 0.10839 -0.00203 -0.01588 0.02793 -0.01944 -0.04889 0.99822
1518196923.821717460 0.10693 -0.00091 -0.02426 0.02886 -0.02162 -0.05113 0.99804
1518196923.831772048 0.11031 0.00157 -0.01945 0.02809 -0.02120 -0.05592 0.99782
1518196923.841838114 0.10793 0.00236 -0.01158 0.02624 -0.02195 -0.05239 0.99804
1518196923.851854839 0.10436 0.00391 -0.02249 0.02653 -0.02191 -0.05775 0.99774
1518196923.861861559 0.10570 0.00672 -0.00985 0.02534 -0.02104 -0.05599 0.99789
1518196923.871873681 0.10010 0.00879 -0.01753 0.02700 -0.02170 -0.05612 0.99782
1518196923.881914722 0.10382 0.00968 -0.01540 0.02573 -0.02268 -0.05568 0.99786
1518196923.891969572 0.10109 0.01618 -0.00812 0.02676 -0.02290 -0.05587 0.99782
1518196923.902021033 0.10412 0.01994 -0.01243 0.02787 -0.02610 -0.05373 0.99783
1518196923.912075538 0.10625 0.02448 -0.01551 0.02793 -0.02772 -0.05351 0.99779
1518196923.922137983 0.10806 0.02642 -0.01957 0.02711 -0.02880 -0.05361 0.99778
1518196923.932195030 0.11029 0.03039 -0.01600 0.02712 -0.02783 -0.05223 0.99788
1518196923.942260138 0.11180 0.03302 -0.01223 0.02820 -0.02911 -0.05090 0.99788
1518196923.952310332 0.11296 0.03642 -0.02016 0.02710 -0.03038 -0.05032 0.99790
1518196923.962367081 0.11121 0.04198 -0.00973 0.02700 -0.02939 -0.04993 0.99795
1518196923.972421537 0.11093 0.04563 -0.01518 0.02859 -0.02762 -0.04641 0.99813
1518196923.982491592 0.11367 0.04765 -0.01173 0.02776 -0.02808 -0.04844 0.99805
1518196923.992532441 0.11173 0.05754 -0.00865 0.02905 -0.02887 -0.04779 0.99802
1518196924.002555133 0.11380 0.06099 -0.00777 0.02842 -0.02698 -0.04477 0.99823
1518196924.012614674 0.11633 0.06025 -0.01192 0.02741 -0.02816 -0.04210 0.99834
1518196924.022674448 0.11312 0.06894 -0.00460 0.02874 -0.02719 -0.04031 0.99840
1518196924.032728558 0.10981 0.06881 -0.00297 0.02609 -0.02680 -0.04228 0.99841
1518196924.042784210 0.11304 0.07014 -0.01221 0.02460 -0.02729 -0.04022 0.99852
1518196924.052831888 0.11413 0.07111 -0.00479 0.02380 -0.02789 -0.04063 0.99850
1518196924.062890649 0.11752 0.07259 -0.00440 0.02052 -0.02893 -0.03927 0.99860
1518196924.072956128 0.11865 0.07904 0.00136 0.02264 -0.02939 -0.03802 0.99859
1518196924.083013603 0.11520 0.08539 0.00250 0.02388 -0.02720 -0.03454 0.99875
1518196924.093069123 0.11793 0.09150 0.00306 0.02400 -0.02680 -0.03741 0.99865
1518196924.103120377 0.11641 0.09448 0.00683 0.02235 -0.02705 -0.03464 0.99878
1518196924.113175239 0.11391 0.09692 0.01378 0.02094 -0.02682 -0.03431 0.99883
1518196924.123230302 0.11449 0.09877 0.01122 0.01953 -0.02757 -0.03423 0.99884
1518196924.133290845 0.11464 0.09921 0.01204 0.01652 -0.02526 -0.03197 0.99903
1518196924.143349949 0.11732 0.10363 0.00859 0.01678 -0.02599 -0.02972 0.99908
1518196924.153402734 0.11653 0.10444 0.01184 0.01504 -0.02682 -0.02976 0.99908
1518196924.163457965 0.11257 0.10517 0.00849 0.01422 -0.02701 -0.02853 0.99913
1518196924.173512722 0.11790 0.10920 0.01110 0.01189 -0.02633 -0.03014 0.99913
1518196924.183569283 0.11062 0.11086 0.02170 0.01263 -0.02560 -0.02884 0.99918
1518196924.193631724 0.11740 0.11183 0.01836 0.01169 -0.02698 -0.02432 0.99927
1518196924.203694615 0.11853 0.11576 0.02282 0.01020 -0.02778 -0.02692 0.99920
1518196924.213754195 0.12291 0.11874 0.01304 0.01010 -0.02975 -0.02508 0.99919
1518196924.223844177 0.12499 0.12406 0.01384 0.00952 -0.03026 -0.02479 0.99919
1518196924.233896300 0.12154 0.12401 0.01799 0.00781 -0.02945 -0.02262 0.99928
1518196924.243948918 0.11084 0.12991 0.02187 0.00911 -0.02475 -0.02315 0.99938
1518196924.254015080 0.10934 0.12676 0.00799 0.00804 -0.02730 -0.02123 0.99937
1518196924.264075399 0.11588 0.13009 0.02451 0.00786 -0.02846 -0.02237 0.99931
1518196924.274122848 0.11973 0.13570 0.01967 0.00627 -0.03131 -0.02201 0.99925
1518196924.284178028 0.12274 0.13671 0.01268 0.00726 -0.03149 -0.02249 0.99922
1518196924.294238042 0.12875 0.13633 0.01793 0.00634 -0.03324 -0.02128 0.99920
1518196924.304290954 0.11853 0.13963 0.02607 0.00690 -0.03300 -0.02033 0.99922
1518196924.314350606 0.12500 0.14333 0.01259 0.00718 -0.03190 -0.01872 0.99929
1518196924.324412403 0.13058 0.15467 0.01906 0.01096 -0.03583 -0.02530 0.99898
1518196924.334471303 0.13560 0.15286 0.01278 0.01283 -0.03472 -0.01697 0.99917
1518196924.344531012 0.12716 0.15115 0.00525 0.00864 -0.03472 -0.02114 0.99914
1518196924.354597901 0.12712 0.14412 -0.00058 0.00987 -0.03590 -0.02022 0.99910
1518196924.364657055 0.13127 0.14464 0.01632 0.00737 -0.03752 -0.01882 0.99909
1518196924.374710600 0.13309 0.14436 0.01759 0.00757 -0.03774 -0.01969 0.99906
1518196924.384786408 0.12976 0.14094 0.00493 0.00818 -0.03662 -0.01755 0.99914
1518196924.394820949 0.12582 0.13858 0.00359 0.00992 -0.03632 -0.01566 0.99917
1518196924.404831143 0.11858 0.13694 0.02132 0.00905 -0.03448 -0.01622 0.99923
1518196924.414894143 0.11131 0.13218 0.01967 0.00916 -0.03324 -0.01380 0.99931
1518196924.424956019 0.11936 0.12968 0.02064 0.00893 -0.03612 -0.01865 0.99913
1518196924.435010355 0.11623 0.12729 0.01572 0.00876 -0.03712 -0.01614 0.99914
1518196924.445065548 0.10823 0.12799 0.02736 0.00967 -0.03497 -0.01709 0.99920
1518196924.455149387 0.10814 0.12074 0.01758 0.00990 -0.03454 -0.01583 0.99923
1518196924.465186383 0.10626 0.11913 0.01728 0.01127 -0.03499 -0.01474 0.99922
1518196924.475249312 0.11331 0.11720 0.01963 0.01143 -0.03713 -0.01569 0.99912
1518196924.485304851 0.11692 0.11471 0.00991 0.01420 -0.03713 -0.01040 0.99916
1518196924.495359258 0.11189 0.11245 0.00746 0.01484 -0.03664 -0.00845 0.99918
1518196924.505404106 0.10834 0.11049 0.01854 0.01652 -0.03595 -0.01165 0.99915
1518196924.515465626 0.10588 0.10737 0.01443 0.01783 -0.03562 -0.00728 0.99918
1518196924.525523576 0.11233 0.10390 0.00909 0.01906 -0.03906 -0.00808 0.99902
1518196924.535588002 0.11204 0.09902 0.00357 0.01982 -0.03925 -0.00814 0.99900
1518196924.545660577 0.11312 0.09780 0.00380 0.02226 -0.04102 -0.00680 0.99889
1518196924.555734151 0.10881 0.09384 0.00809 0.02242 -0.04018 -0.00748 0.99891
1518196924.565789746 0.10060 0.08635 0.00927 0.02314 -0.03821 -0.00705 0.99898
1518196924.575898964 0.10404 0.08589 0.00391 0.02502 -0.03909 -0.00623 0.99890
1518196924.585955793 0.10712 0.08052 0.00300 0.02549 -0.04136 -0.00779 0.99879
1518196924.596016451 0.09840 0.07730 0.00242 0.02738 -0.03980 -0.00853 0.99880
1518196924.606078320 0.09287 0.07134 -0.00021 0.02913 -0.04061 -0.00578 0.99873
1518196924.616135232 0.09143 0.06888 0.00149 0.02990 -0.04058 -0.00513 0.99872
1518196924.626188322 0.09945 0.06974 -0.00181 0.03347 -0.04353 -0.00513 0.99848
1518196924.636241820 0.09284 0.06405 -0.01016 0.03471 -0.04375 -0.00703 0.99841
1518196924.646300327 0.09107 0.05838 0.00102 0.03524 -0.04565 -0.00598 0.99832
1518196924.656358018 0.09143 0.05679 -0.00778 0.03775 -0.04653 -0.00576 0.99819
1518196924.661387522 0.08674 0.05681 -0.01134 0.03799 -0.04553 -0.00756 0.99821
1518196924.671439349 0.09711 0.05237 -0.01358 0.03810 -0.05009 -0.00455 0.99801
1518196924.681469549 0.09342 0.05146 -0.01349 0.04154 -0.05068 -0.00446 0.99784
1518196924.691483753 0.09257 0.05186 -0.00820 0.04410 -0.05086 -0.00487 0.99772
1518196924.701541235 0.08394 0.04943 -0.01308 0.04474 -0.04878 -0.00723 0.99778
1518196924.711593639 0.07860 0.04391 -0.01748 0.04557 -0.04858 -0.00610 0.99776
1518196924.721657627 0.08756 0.04425 -0.03762 0.04663 -0.05163 -0.00678 0.99755
1518196924.731712551 0.08649 0.04085 -0.03244 0.04719 -0.05103 -0.00560 0.99757
1518196924.741782051 0.08082 0.04011 -0.01890 0.04990 -0.04967 -0.00052 0.99752
1518196924.751844148 0.06964 0.03515 -0.01998 0.04984 -0.04608 -0.00361 0.99769
1518196924.761911013 0.06652 0.03398 -0.01272 0.05072 -0.04209 0.00258 0.99782
1518196924.771968782 0.07792 0.03370 -0.03224 0.05243 -0.04533 0.00416 0.99759
1518196924.782024353 0.07781 0.03510 -0.02428 0.05278 -0.04545 0.00006 0.99757
1518196924.792082766 0.07033 0.02827 -0.02347 0.05373 -0.04408 0.00099 0.99758
1518196924.802145961 0.06868 0.02603 -0.01468 0.05279 -0.03997 0.00519 0.99779
1518196924.812214072 0.06656 0.02350 -0.01653 0.05137 -0.04046 0.00974 0.99781
1518196924.822272489 0.07613 0.02792 -0.03547 0.05220 -0.04321 0.00774 0.99767
1518196924.832326470 0.07516 0.02290 -0.03365 0.05299 -0.04185 0.00819 0.99768
1518196924.842368479 0.06314 0.01392 -0.02153 0.05426 -0.04146 0.01102 0.99760
1518196924.852424058 0.05466 0.01844 -0.01294 0.05400 -0.03492 0.01342 0.99784
1518196924.862487595 0.04274 0.01644 0.00029 0.05450 -0.03089 0.01015 0.99798
1518196924.872548398 0.05330 0.01792 -0.01646 0.05233 -0.03566 0.02065 0.99778
1518196924.882613184 0.05819 0.02076 -0.01826 0.05155 -0.03443 0.02193 0.99784
1518196924.892673009 0.04735 0.01445 -0.00381 0.05515 -0.03235 0.02136 0.99773
1518196924.902735386 0.04122 0.01077 0.00161 0.05327 -0.02883 0.02165 0.99793
1518196924.912806308 0.03730 0.01205 -0.00331 0.05145 -0.02682 0.02208 0.99807
1518196924.922837270 0.05058 0.01366 -0.01106 0.05043 -0.02939 0.02016 0.99809
1518196924.932897294 0.05193 0.01282 -0.01078 0.05177 -0.03241 0.02338 0.99786
1518196924.942953593 0.04590 0.00623 -0.00210 0.05340 -0.03062 0.02219 0.99786
1518196924.953008531 0.03188 0.00484 0.00419 0.05399 -0.02454 0.02541 0.99792
1518196924.963065323 0.01752 0.00327 0.01526 0.05339 -0.02012 0.02057 0.99816
1518196924.973119814 0.02948 0.00515 -0.00952 0.05225 -0.02377 0.02661 0.99800
1518196924.983182305 0.03350 0.00674 -0.01460 0.05455 -0.02383 0.02497 0.99791
1518196924.993251674 0.02498 -0.00159 0.00373 0.05315 -0.02335 0.02595 0.99798
1518196925.003314335 0.00980 -0.00391 0.01113 0.05352 -0.01686 0.02390 0.99814
1518196925.013378089 0.00827 -0.00438 0.01549 0.05308 -0.01599 0.02117 0.99824
1518196925.023433204 0.01534 -0.00486 -0.00149 0.05363 -0.02052 0.02663 0.99799
1518196925.033488410 0.00885 -0.00288 -0.00154 0.05612 -0.02091 0.02387 0.99792
1518196925.043548841 0.00510 -0.00806 0.00362 0.05466 -0.01985 0.03016 0.99785
1518196925.053615234 0.00121 -0.01127 0.01237 0.05496 -0.01925 0.02285 0.99804
1518196925.063680977 -0.01187 -0.01675 0.01699 0.05512 -0.01679 0.02965 0.99790
1518196925.073764760 -0.00653 -0.01959 0.01089 0.05244 -0.01994 0.02754 0.99805
1518196925.083778843 -0.01219 -0.02019 0.00864 0.05359 -0.02095 0.02506 0.99803
1518196925.093823076 -0.01800 -0.01425 0.01080 0.05539 -0.02023 0.02745 0.99788
1518196925.103877870 -0.02183 -0.02035 0.01711 0.05785 -0.02119 0.03198 0.99759
1518196925.113932930 -0.02819 -0.01967 0.02290 0.05677 -0.01988 0.02966 0.99775
1518196925.124001813 -0.02233 -0.01606 -0.00148 0.05955 -0.02399 0.02585 0.99760
1518196925.134066865 -0.01961 -0.01437 0.00226 0.06027 -0.02640 0.02688 0.99747
1518196925.144096550 -0.02606 -0.01830 0.00742 0.06190 -0.02424 0.02885 0.99737
1518196925.154119552 -0.03214 -0.02076 0.00949 0.06160 -0.02428 0.03017 0.99735
1518196925.164174628 -0.04199 -0.02472 0.01507 0.06247 -0.02106 0.03373 0.99725
1518196925.174228075 -0.03360 -0.01850 0.01353 0.06286 -0.02566 0.03113 0.99721
1518196925.184287845 -0.03792 -0.02417 0.00386 0.06606 -0.02600 0.03604 0.99683
1518196925.194344551 -0.04493 -0.02100 0.01851 0.06600 -0.02538 0.03544 0.99687
1518196925.204408122 -0.05641 -0.02743 0.02171 0.06447 -0.02232 0.03042 0.99721
1518196925.214494764 -0.06441 -0.02754 0.02960 0.06399 -0.01968 0.03069 0.99728
1518196925.224559397 -0.05628 -0.02871 0.01662 0.06486 -0.02474 0.03371 0.99702
1518196925.234623277 -0.05643 -0.03066 0.01059 0.06523 -0.02741 0.03510 0.99688
1518196925.244677417 -0.06264 -0.03047 0.01904 0.06471 -0.02654 0.03626 0.99689
1518196925.254726714 -0.07075 -0.02932 0.02807 0.06531 -0.02464 0.03452 0.99696
1518196925.264775520 -0.07558 -0.03029 0.02742 0.06469 -0.02496 0.03035 0.99713
1518196925.274835802 -0.07395 -0.02876 0.02131 0.06570 -0.02890 0.02973 0.99698
1518196925.284897237 -0.07754 -0.02638 0.02703 0.06638 -0.02882 0.03256 0.99685
1518196925.294954116 -0.08171 -0.03153 0.02514 0.06533 -0.03072 0.03496 0.99678
1518196925.305012021 -0.08376 -0.02854 0.03159 0.06436 -0.03177 0.03366 0.99685
1518196925.315066839 -0.08601 -0.02816 0.03108 0.06578 -0.03304 0.03248 0.99676
1518196925.325127355 -0.08034 -0.02804 0.01741 0.06563 -0.03759 0.03407 0.99655
1518196925.335190783 -0.08507 -0.02675 0.02198 0.06507 -0.03960 0.03131 0.99660
1518196925.345248593 -0.08758 -0.02776 0.02450 0.06546 -0.04032 0.03511 0.99642
1518196925.355316060 -0.09295 -0.02961 0.02450 0.06344 -0.03967 0.03353 0.99663
1518196925.365382489 -0.09347 -0.02672 0.01206 0.06374 -0.04195 0.03337 0.99653
1518196925.375435514 -0.09257 -0.02944 0.01579 0.06245 -0.04460 0.03221 0.99653
1518196925.385488307 -0.08972 -0.02865 0.01053 0.06189 -0.04707 0.03427 0.99638
1518196925.395541459 -0.09205 -0.02681 0.01939 0.06153 -0.04830 0.03495 0.99632
1518196925.405599989 -0.09484 -0.02598 0.02368 0.06145 -0.04978 0.03276 0.99633
1518196925.415662167 -0.10078 -0.02261 0.03100 0.06111 -0.04751 0.03357 0.99643
1518196925.425764983 -0.09981 -0.01568 0.01977 0.06526 -0.04847 0.03548 0.99606
1518196925.435822938 -0.10103 -0.01924 0.01713 0.06314 -0.05199 0.03748 0.99594
1518196925.445878191 -0.09856 -0.01524 0.01929 0.06094 -0.05500 0.03185 0.99612
1518196925.455940764 -0.10073 -0.01661 0.02291 0.06188 -0.05497 0.03197 0.99606
1518196925.466003215 -0.10312 -0.01825 0.02199 0.06021 -0.05380 0.03591 0.99609
1518196925.476095365 -0.10356 -0.01169 0.01927 0.06199 -0.05392 0.03770 0.99591
1518196925.486158070 -0.10608 -0.01356 0.01816 0.06051 -0.05183 0.03448 0.99622
1518196925.496217055 -0.10338 -0.01553 0.02490 0.05809 -0.05405 0.03508 0.99623
1518196925.506272750 -0.09395 -0.01012 0.02546 0.05768 -0.06014 0.03132 0.99603
1518196925.516327600 -0.09214 -0.01070 0.02253 0.05747 -0.06060 0.03211 0.99599
1518196925.526385021 -0.08572 -0.00477 0.01421 0.05918 -0.06296 0.03626 0.99560
1518196925.531416549 -0.08411 0.00277 0.00588 0.06085 -0.06156 0.03890 0.99549
1518196925.541483423 -0.08790 -0.00063 0.01750 0.05829 -0.06135 0.03571 0.99577
1518196925.551547090 -0.08122 0.00078 0.01720 0.05584 -0.06298 0.03343 0.99589
1518196925.561606233 -0.08019 -0.00216 0.01341 0.05607 -0.06423 0.03422 0.99577
1518196925.571658777 -0.08030 0.00074 0.01246 0.05721 -0.06435 0.03421 0.99570
1518196925.581703727 -0.07674 0.00709 0.01424 0.05414 -0.06276 0.03259 0.99603
1518196925.591732627 -0.07535 0.00268 0.00999 0.05300 -0.06249 0.03479 0.99603
1518196925.601745149 -0.07259 -0.00021 0.02066 0.05025 -0.06338 0.03064 0.99625
1518196925.611803180 -0.07222 0.00166 0.01510 0.05066 -0.06213 0.03233 0.99626
1518196925.621860435 -0.07001 0.00917 0.00815 0.05262 -0.06168 0.03211 0.99619
1518196925.631914727 -0.06450 0.01155 0.00671 0.05091 -0.06194 0.03184 0.99627
1518196925.641969591 -0.06067 0.01273 0.01171 0.05134 -0.06100 0.03374 0.99625
1518196925.652033024 -0.05994 0.00858 0.01457 0.04822 -0.06080 0.03035 0.99652
1518196925.662095892 -0.05795 0.00854 0.01013 0.04565 -0.05976 0.03000 0.99672
1518196925.672162174 -0.05527 0.00764 0.00593 0.04558 -0.05877 0.02636 0.99688
1518196925.682223401 -0.05120 0.01064 0.00524 0.04453 -0.05841 0.03076 0.99682
1518196925.692280293 -0.04812 0.01278 0.01091 0.04269 -0.05662 0.03013 0.99703
1518196925.702335310 -0.04705 0.01075 0.00870 0.04188 -0.05529 0.02860 0.99718
1518196925.712371039 -0.03992 0.00854 0.00413 0.03815 -0.05496 0.02808 0.99736
1518196925.722427468 -0.03290 0.01020 -0.00274 0.03881 -0.05555 0.02664 0.99735
1518196925.732482332 -0.02775 0.01252 0.00225 0.03805 -0.05501 0.02677 0.99740
1518196925.742536568 -0.02379 0.01268 0.00005 0.03637 -0.05415 0.03182 0.99736
1518196925.752599062 -0.01806 0.00986 -0.00057 0.03512 -0.05253 0.02611 0.99766
1518196925.762696480 -0.01403 0.01048 0.00017 0.03425 -0.05144 0.02751 0.99771
1518196925.772729507 -0.01118 0.01009 -0.00025 0.03227 -0.05087 0.02540 0.99786
1518196925.782789006 -0.00582 0.01103 -0.00221 0.03149 -0.04947 0.02690 0.99792
1518196925.792857886 -0.00507 0.01076 -0.00044 0.03010 -0.04693 0.02512 0.99813
1518196925.802919408 0.00403 0.01235 -0.01211 0.02981 -0.04785 0.02458 0.99811
1518196925.813230651 0.00923 0.01362 -0.00450 0.02943 -0.04643 0.02371 0.99821
1518196925.823294477 0.01445 0.01346 -0.00893 0.02933 -0.04614 0.02399 0.99822
1518196925.833348721 0.01743 0.01713 -0.00984 0.02894 -0.04448 0.02436 0.99829
1518196925.843397070 0.02366 0.01800 -0.01207 0.03000 -0.04419 0.02612 0.99823
1518196925.853454713 0.02927 0.01843 -0.01319 0.02810 -0.04286 0.02349 0.99841
1518196925.863511367 0.03311 0.02019 -0.01123 0.02766 -0.04262 0.02133 0.99848
1518196925.873573452 0.04020 0.02280 -0.01076 0.02810 -0.04167 0.02207 0.99849
1518196925.883641093 0.04245 0.02485 -0.01076 0.02813 -0.04036 0.02363 0.99851
1518196925.893783788 0.05010 0.02615 -0.01630 0.02709 -0.03989 0.02213 0.99859
1518196925.903842093 0.05402 0.02149 -0.01387 0.02582 -0.03863 0.02281 0.99866
1518196925.913894974 0.05796 0.02489 -0.01293 0.02562 -0.03754 0.02092 0.99875
1518196925.923954352 0.06543 0.02216 -0.01718 0.02322 -0.03789 0.02183 0.99877
1518196925.934011188 0.07283 0.02292 -0.01622 0.02292 -0.03675 0.01929 0.99888
1518196925.944075382 0.07854 0.02308 -0.02831 0.02286 -0.03585 0.02124 0.99887
1518196925.954135008 0.08310 0.02076 -0.02521 0.02068 -0.03490 0.01755 0.99902
1518196925.964192825 0.08510 0.02268 -0.02709 0.02150 -0.03346 0.01998 0.99901
1518196925.974202886 0.09064 0.02237 -0.02959 0.02228 -0.03192 0.02089 0.99902
1518196925.984223685 0.09119 0.02363 -0.02000 0.02201 -0.03074 0.01952 0.99909
1518196925.994362232 0.09907 0.02625 -0.02312 0.02310 -0.03115 0.02086 0.99903
1518196926.004418866 0.10513 0.02546 -0.02351 0.02278 -0.03011 0.01970 0.99909
1518196926.014475704 0.10890 0.02464 -0.02929 0.02128 -0.03014 0.01733 0.99917
1518196926.024532533 0.10949 0.02548 -0.02584 0.02275 -0.02900 0.01738 0.99917
1518196926.034584457 0.11616 0.02728 -0.02638 0.02254 -0.02714 0.01600 0.99925
1518196926.044636751 0.12000 0.02441 -0.02377 0.02182 -0.02585 0.01484 0.99932
1518196926.054685261 0.12318 0.02436 -0.02712 0.02108 -0.02590 0.01444 0.99934
1518196926.064696007 0.12860 0.02180 -0.03025 0.02247 -0.02692 0.01109 0.99932
1518196926.074751651 0.13537 0.02618 -0.03053 0.02252 -0.02753 0.01083 0.99931
1518196926.084809528 0.14700 0.02688 -0.03386 0.02318 -0.02978 0.01151 0.99922
1518196926.094865187 0.14936 0.02515 -0.04382 0.02203 -0.02908 0.00956 0.99929
1518196926.104918692 0.14995 0.01998 -0.03530 0.02156 -0.02911 0.00636 0.99932
1518196926.114971284 0.15122 0.01596 -0.03676 0.02027 -0.02885 0.00695 0.99935
1518196926.125028192 0.15432 0.01207 -0.04166 0.02063 -0.03070 0.00699 0.99929
1518196926.135085452 0.15260 0.01373 -0.03609 0.02036 -0.02866 0.00308 0.99938
1518196926.145141822 0.15718 0.01623 -0.04656 0.02197 -0.03009 0.00225 0.99930
1518196926.155203232 0.16354 0.01455 -0.03562 0.02167 -0.03278 0.00139 0.99923
1518196926.165257877 0.16297 0.01598 -0.04058 0.02112 -0.03208 0.00065 0.99926
1518196926.175314652 0.16906 0.01902 -0.05536 0.02435 -0.03191 -0.00155 0.99919
1518196926.185378112 0.16846 0.00813 -0.03683 0.02183 -0.03525 -0.00050 0.99914
1518196926.195442047 0.17243 0.01406 -0.03087 0.02110 -0.03534 -0.00240 0.99915
1518196926.205513280 0.17116 0.01154 -0.03689 0.02145 -0.03630 -0.00352 0.99910
1518196926.215586514 0.17615 0.00804 -0.03132 0.02025 -0.03695 -0.00328 0.99911
1518196926.225660346 0.18474 0.00725 -0.05375 0.02161 -0.03951 -0.00411 0.99898
1518196926.235688899 0.17637 0.01394 -0.03387 0.02077 -0.03975 -0.00840 0.99896
1518196926.245742845 0.18443 0.01242 -0.04284 0.02276 -0.04057 -0.01001 0.99887
1518196926.255809708 0.18841 0.00765 -0.03950 0.02297 -0.04340 -0.00398 0.99879
1518196926.265866572 0.19039 0.00510 -0.02933 0.02310 -0.04317 -0.00529 0.99879
1518196926.275920267 0.19446 0.00789 -0.03590 0.02340 -0.04463 -0.00819 0.99870
1518196926.285974542 0.19298 0.00024 -0.02346 0.02168 -0.04501 -0.00740 0.99872
1518196926.296031970 0.19265 0.00002 -0.02198 0.02181 -0.04697 -0.01158 0.99859
1518196926.306084110 0.19787 0.00110 -0.03564 0.02059 -0.04421 -0.01189 0.99874
1518196926.316135580 0.19609 -0.00391 -0.02394 0.02182 -0.04550 -0.01372 0.99863
1518196926.346292439 0.19689 -0.00825 -0.02584 0.02276 -0.04434 -0.01396 0.99866
1518196926.356344800 0.19916 -0.01060 -0.02559 0.02204 -0.04460 -0.01634 0.99863
1518196926.361372356 0.20122 -0.00868 -0.02312 0.02306 -0.04503 -0.01609 0.99859
1518196926.371426418 0.20214 -0.01056 -0.02474 0.02452 -0.04575 -0.01363 0.99856
1518196926.381480388 0.21068 -0.01079 -0.03517 0.02652 -0.04651 -0.01411 0.99847
1518196926.391533294 0.21298 -0.01327 -0.04277 0.02608 -0.04631 -0.01317 0.99850
1518196926.401586806 0.20922 -0.01577 -0.03317 0.02728 -0.04622 -0.00996 0.99851
1518196926.411642718 0.21559 -0.01889 -0.03197 0.02936 -0.04716 -0.01199 0.99838
1518196926.421726780 0.21473 -0.01901 -0.02985 0.02888 -0.04653 -0.01342 0.99841
1518196926.442113167 0.22151 -0.02177 -0.02731 0.02910 -0.04669 -0.01291 0.99840
1518196926.462223053 0.21988 -0.02644 -0.03354 0.03093 -0.04408 -0.01485 0.99844
1518196926.472252100 0.22043 -0.03261 -0.01705 0.03018 -0.04623 -0.01418 0.99837
1518196926.482297376 0.21935 -0.03388 -0.01662 0.03084 -0.04727 -0.01784 0.99825
1518196926.492350909 0.22273 -0.03921 -0.01773 0.03100 -0.04848 -0.01588 0.99822
1518196926.502403461 0.23186 -0.03882 -0.02312 0.03273 -0.05015 -0.01767 0.99805
1518196926.512456008 0.23086 -0.03825 -0.01416 0.03394 -0.05034 -0.01617 0.99802
1518196926.542625816 0.22911 -0.04276 -0.00958 0.03590 -0.04792 -0.01696 0.99806
1518196926.552672978 0.22940 -0.04567 -0.01303 0.03742 -0.04913 -0.02110 0.99787
1518196926.564391266 0.22966 -0.04505 -0.01277 0.03737 -0.04642 -0.01806 0.99806
1518196926.574446532 0.22870 -0.04790 -0.01433 0.03873 -0.04469 -0.01987 0.99805
1518196926.584500056 0.22170 -0.04416 -0.01027 0.03951 -0.04508 -0.02292 0.99794
1518196926.594551575 0.21705 -0.04688 -0.00494 0.04035 -0.04444 -0.02380 0.99791
1518196926.604603157 0.22324 -0.04597 0.00770 0.04111 -0.04731 -0.02198 0.99779
1518196926.624707350 0.21721 -0.05237 0.00632 0.04085 -0.04529 -0.02205 0.99789
1518196926.634759631 0.21215 -0.05267 0.00022 0.04231 -0.04350 -0.02235 0.99791
1518196926.654864027 0.20800 -0.05470 0.01071 0.04072 -0.04282 -0.02250 0.99800
1518196926.686369307 0.21002 -0.06390 0.02040 0.04112 -0.04457 -0.02140 0.99793
1518196926.691394009 0.20549 -0.06314 0.03089 0.03940 -0.04560 -0.02288 0.99792
1518196926.701445564 0.19936 -0.06173 0.03284 0.04193 -0.04272 -0.02538 0.99788
1518196926.711498390 0.20110 -0.06601 0.01842 0.04257 -0.04457 -0.02317 0.99783
1518196926.721550630 0.20143 -0.06183 0.03372 0.04112 -0.04474 -0.02393 0.99787
1518196926.731611030 0.20011 -0.06114 0.03732 0.04173 -0.04527 -0.02501 0.99779
1518196926.741651911 0.19528 -0.06640 0.03424 0.04068 -0.04475 -0.03026 0.99771
1518196926.751704985 0.19484 -0.06274 0.04683 0.04122 -0.04564 -0.02871 0.99769
1518196926.761757538 0.18896 -0.06837 0.03470 0.04036 -0.04452 -0.02529 0.99787
1518196926.771812000 0.18660 -0.06997 0.03909 0.03993 -0.04464 -0.02855 0.99780
1518196926.781865230 0.18412 -0.06931 0.04471 0.03842 -0.04624 -0.02394 0.99790
1518196926.791918526 0.17954 -0.06434 0.05400 0.03832 -0.04557 -0.02725 0.99785
1518196926.801969743 0.17518 -0.07069 0.05299 0.03822 -0.04807 -0.02427 0.99782
1518196926.812021446 0.17242 -0.07306 0.06282 0.03722 -0.05039 -0.02226 0.99779
1518196926.822074154 0.16960 -0.07234 0.05533 0.03729 -0.05298 -0.02315 0.99763
1518196926.832127078 0.16749 -0.07169 0.05587 0.03580 -0.05643 -0.02347 0.99749
1518196926.842179179 0.17011 -0.07162 0.06471 0.03544 -0.05934 -0.02280 0.99735
1518196926.852232681 0.16287 -0.07580 0.06378 0.03448 -0.06074 -0.02255 0.99730
1518196926.862288817 0.16078 -0.07607 0.06359 0.03342 -0.06352 -0.02227 0.99717
1518196926.872304162 0.15593 -0.07960 0.06943 0.03182 -0.06337 -0.02103 0.99726
1518196926.882356711 0.15652 -0.08095 0.06470 0.03181 -0.06555 -0.01765 0.99719
1518196926.892409244 0.15531 -0.07789 0.07350 0.03017 -0.06929 -0.02244 0.99689
1518196926.902470083 0.15155 -0.08193 0.07299 0.03049 -0.06934 -0.01856 0.99695
1518196926.912484463 0.14510 -0.07937 0.08165 0.03016 -0.07095 -0.01658 0.99689
1518196926.922496882 0.14088 -0.07948 0.07733 0.02859 -0.07206 -0.01991 0.99679
1518196926.952539672 0.13410 -0.08446 0.08580 0.02745 -0.07646 -0.01525 0.99658
1518196926.962604913 0.13165 -0.08296 0.08956 0.02447 -0.07978 -0.02326 0.99624
1518196926.972643238 0.12879 -0.08601 0.08662 0.02421 -0.07900 -0.02009 0.99638
1518196926.982695976 0.12417 -0.08456 0.09256 0.02133 -0.08063 -0.02465 0.99621
1518196926.992749394 0.12096 -0.09039 0.09831 0.01937 -0.07977 -0.02750 0.99625
1518196927.002802820 0.11215 -0.09332 0.10771 0.01745 -0.08028 -0.02522 0.99630
1518196927.012856320 0.10962 -0.09525 0.10216 0.01587 -0.08235 -0.02907 0.99605
1518196927.022910990 0.10530 -0.09395 0.10129 0.01536 -0.08304 -0.03032 0.99597
1518196927.032963057 0.10323 -0.09628 0.10257 0.01413 -0.08453 -0.03053 0.99585
1518196927.043015865 0.10160 -0.10192 0.11082 0.01173 -0.08649 -0.02838 0.99578
1518196927.053068607 0.09398 -0.10130 0.10127 0.01185 -0.08651 -0.03331 0.99562
1518196927.063120834 0.08919 -0.09712 0.10479 0.01203 -0.08755 -0.03515 0.99547
1518196927.073172321 0.08606 -0.09470 0.10945 0.01423 -0.08790 -0.03142 0.99553
1518196927.083235119 0.08126 -0.09376 0.11638 0.01306 -0.08769 -0.03363 0.99549
1518196927.093299712 0.07901 -0.09838 0.11652 0.01295 -0.09050 -0.03709 0.99512
1518196927.103352559 0.07866 -0.09308 0.11663 0.01212 -0.09198 -0.04335 0.99474
1518196927.113397333 0.07475 -0.09614 0.11676 0.01119 -0.09332 -0.03868 0.99482
1518196927.123457643 0.07272 -0.09628 0.11407 0.01213 -0.09371 -0.03631 0.99486
1518196927.133520478 0.06446 -0.09556 0.11550 0.01174 -0.09397 -0.04175 0.99463
1518196927.143620768 0.05784 -0.09556 0.12222 0.01192 -0.09413 -0.04423 0.99451
1518196927.153668951 0.05461 -0.09593 0.11694 0.01104 -0.09537 -0.04335 0.99444
1518196927.163723724 0.05003 -0.09296 0.12226 0.01105 -0.09701 -0.04695 0.99411
1518196927.173778180 0.04993 -0.09613 0.12099 0.00923 -0.09974 -0.04585 0.99391
1518196927.183861821 0.04634 -0.09507 0.11712 0.00993 -0.10226 -0.04872 0.99351
1518196927.193889547 0.04548 -0.09231 0.11977 0.01024 -0.10393 -0.05226 0.99316
1518196927.203903514 0.03912 -0.09236 0.12062 0.01080 -0.10407 -0.05141 0.99318
1518196927.213916055 0.03357 -0.09598 0.12291 0.00866 -0.10588 -0.05228 0.99297
1518196927.223973650 0.03188 -0.09431 0.12212 0.00789 -0.10738 -0.05501 0.99266
1518196927.234026564 0.02867 -0.09384 0.11581 0.00688 -0.10999 -0.05826 0.99220
1518196927.244084462 0.02479 -0.08889 0.12487 0.00657 -0.11214 -0.05939 0.99189
1518196927.254147320 0.02046 -0.08584 0.12905 0.00874 -0.11366 -0.05971 0.99169
1518196927.264209607 0.01797 -0.09146 0.12201 0.00766 -0.11611 -0.05836 0.99149
1518196927.274271731 0.01360 -0.09120 0.12334 0.00582 -0.11861 -0.06227 0.99097
1518196927.284354730 0.01333 -0.09454 0.11951 0.00497 -0.12021 -0.05853 0.99101
1518196927.294440074 0.01417 -0.09109 0.12113 0.00492 -0.12322 -0.05998 0.99055
1518196927.304492915 0.01299 -0.08751 0.11447 0.00500 -0.12603 -0.06399 0.98995
1518196927.314549306 0.00831 -0.08799 0.11558 0.00563 -0.12819 -0.06253 0.98976
1518196927.324828609 0.00402 -0.09085 0.11519 0.00444 -0.12867 -0.06440 0.98958
1518196927.334882349 -0.00119 -0.08696 0.11906 0.00315 -0.12912 -0.06668 0.98938
1518196927.344934960 -0.00506 -0.09021 0.11909 -0.00012 -0.13191 -0.06835 0.98890
1518196927.354987137 -0.01014 -0.08999 0.11566 -0.00079 -0.13319 -0.06999 0.98862
1518196927.365039944 -0.01174 -0.08566 0.12137 0.00055 -0.13540 -0.07088 0.98825
1518196927.375096713 -0.01039 -0.08869 0.10969 0.00008 -0.14002 -0.06926 0.98772
1518196927.385137659 -0.01601 -0.08645 0.10980 -0.00137 -0.14162 -0.07342 0.98719
1518196927.395154364 -0.01777 -0.08473 0.10988 -0.00312 -0.14366 -0.07485 0.98679
1518196927.405175655 -0.01905 -0.08555 0.10675 -0.00261 -0.14515 -0.07868 0.98627
1518196927.415186688 -0.02184 -0.08666 0.10422 -0.00328 -0.14700 -0.07761 0.98608
1518196927.425246103 -0.02481 -0.07870 0.10875 -0.00391 -0.14720 -0.07960 0.98589
1518196927.435298221 -0.02926 -0.07945 0.10451 -0.00342 -0.14906 -0.08307 0.98533
1518196927.445350020 -0.03191 -0.08306 0.10216 -0.00542 -0.15134 -0.07781 0.98540
1518196927.455394342 -0.03766 -0.07798 0.10195 -0.00402 -0.15125 -0.08393 0.98492
1518196927.465439121 -0.03834 -0.07560 0.09973 -0.00373 -0.15323 -0.08534 0.98449
1518196927.475490615 -0.03930 -0.07411 0.09304 -0.00456 -0.15464 -0.08512 0.98429
1518196927.485535798 -0.04401 -0.07437 0.10107 -0.00558 -0.15594 -0.08717 0.98390
1518196927.495597643 -0.04346 -0.07444 0.09109 -0.00592 -0.15923 -0.08517 0.98354
1518196927.505648824 -0.04321 -0.07691 0.08963 -0.00708 -0.16054 -0.08660 0.98320
1518196927.515699978 -0.04961 -0.06977 0.09151 -0.00650 -0.15922 -0.08867 0.98323
1518196927.525751344 -0.05037 -0.06480 0.09015 -0.00636 -0.16167 -0.09323 0.98241
1518196927.535802773 -0.05322 -0.06662 0.08629 -0.00708 -0.16226 -0.09111 0.98251
1518196927.545854167 -0.05079 -0.06953 0.07322 -0.00620 -0.16538 -0.09126 0.98198
1518196927.555907833 -0.05428 -0.06239 0.07614 -0.00431 -0.16551 -0.09382 0.98173
1518196927.565959680 -0.04914 -0.05860 0.07033 -0.00314 -0.16768 -0.09403 0.98134
1518196927.576012373 -0.05221 -0.05818 0.07066 -0.00546 -0.16934 -0.09603 0.98085
1518196927.586067850 -0.05608 -0.05985 0.07470 -0.00549 -0.16929 -0.09240 0.98121
1518196927.596124974 -0.05964 -0.06424 0.06846 -0.00764 -0.16902 -0.09370 0.98112
1518196927.606180324 -0.06130 -0.06002 0.06423 -0.00656 -0.17008 -0.09420 0.98090
1518196927.616235439 -0.05595 -0.05577 0.05712 -0.00647 -0.17105 -0.09255 0.98088
1518196927.626269995 -0.05779 -0.05549 0.05142 -0.00503 -0.17199 -0.09287 0.98070
1518196927.636321959 -0.05982 -0.05032 0.05711 -0.00641 -0.17181 -0.09225 0.98078
1518196927.646372410 -0.06169 -0.05022 0.04913 -0.00407 -0.17399 -0.09560 0.98009
1518196927.651401595 -0.06158 -0.04541 0.04369 -0.00406 -0.17470 -0.09691 0.97983
1518196927.661459083 -0.06327 -0.04435 0.05203 -0.00652 -0.17383 -0.09428 0.98023
1518196927.671795054 -0.06098 -0.04367 0.04155 -0.00656 -0.17486 -0.09481 0.97999
1518196927.681850832 -0.06051 -0.03783 0.04421 -0.00573 -0.17628 -0.09699 0.97953
1518196927.691909504 -0.05911 -0.03731 0.03734 -0.00515 -0.17829 -0.09558 0.97931
1518196927.701963006 -0.05947 -0.03392 0.03352 -0.00472 -0.17751 -0.09254 0.97975
1518196927.712030318 -0.05681 -0.03322 0.02474 -0.00517 -0.18009 -0.09235 0.97929
1518196927.722098224 -0.05711 -0.03536 0.01840 -0.00598 -0.18038 -0.08994 0.97946
1518196927.732163689 -0.05781 -0.03065 0.02131 -0.00625 -0.18079 -0.09043 0.97934
1518196927.742224982 -0.05449 -0.03045 0.01777 -0.00785 -0.18186 -0.09027 0.97914
1518196927.752292392 -0.05360 -0.02491 0.01517 -0.00709 -0.18311 -0.09145 0.97880
1518196927.762338388 -0.05225 -0.02533 0.01040 -0.00846 -0.18129 -0.08609 0.97962
1518196927.772368818 -0.05603 -0.01998 0.00750 -0.00840 -0.17985 -0.08949 0.97958
1518196927.782425106 -0.05807 -0.01524 0.01030 -0.00944 -0.17732 -0.09048 0.97994
1518196927.792493235 -0.05557 -0.01892 0.00580 -0.01078 -0.17995 -0.08968 0.97952
1518196927.802568327 -0.05508 -0.01343 -0.00238 -0.01102 -0.18017 -0.08906 0.97953
1518196927.812582483 -0.05202 -0.00963 -0.01308 -0.00895 -0.18072 -0.08902 0.97946
1518196927.822643602 -0.05116 -0.01004 -0.01921 -0.00900 -0.18042 -0.08494 0.97987
1518196927.832704955 -0.04749 -0.00592 -0.01778 -0.01201 -0.18225 -0.08728 0.97930
1518196927.842776201 -0.04645 -0.00591 -0.02211 -0.01293 -0.18325 -0.08837 0.97900
1518196927.852831508 -0.04324 -0.00489 -0.02753 -0.01177 -0.18257 -0.08450 0.97948
1518196927.862887592 -0.04501 -0.00058 -0.03010 -0.01318 -0.18238 -0.08242 0.97968
1518196927.872946668 -0.04139 0.00197 -0.04161 -0.01275 -0.18090 -0.08444 0.97979
1518196927.882999323 -0.04619 0.00594 -0.03803 -0.01340 -0.17738 -0.08536 0.98034
1518196927.893052377 -0.04594 0.00614 -0.04152 -0.01463 -0.17618 -0.08509 0.98056
1518196927.903105252 -0.04448 0.00935 -0.04469 -0.01405 -0.17724 -0.08324 0.98054
1518196927.913163348 -0.04563 0.01132 -0.05436 -0.01421 -0.17467 -0.08421 0.98092
1518196927.923219871 -0.04814 0.01307 -0.05255 -0.01369 -0.17328 -0.07949 0.98156
1518196927.933284677 -0.04500 0.01713 -0.05378 -0.01338 -0.17174 -0.07662 0.98207
1518196927.943345920 -0.04522 0.01947 -0.06045 -0.01174 -0.17073 -0.07718 0.98222
1518196927.953404819 -0.04012 0.02609 -0.06089 -0.01267 -0.17057 -0.07896 0.98210
1518196927.963461400 -0.03893 0.02836 -0.07208 -0.01198 -0.17003 -0.07616 0.98242
1518196927.973521231 -0.03249 0.02686 -0.07409 -0.01268 -0.16921 -0.07167 0.98289
1518196927.983547399 -0.02968 0.02978 -0.07779 -0.01275 -0.16858 -0.07422 0.98281
1518196927.993571488 -0.03143 0.02585 -0.07504 -0.01514 -0.16641 -0.07306 0.98323
1518196928.003580707 -0.03236 0.02880 -0.08343 -0.01498 -0.16421 -0.07293 0.98361
1518196928.013622822 -0.02856 0.03193 -0.08953 -0.01534 -0.16330 -0.07013 0.98396
1518196928.023688343 -0.02445 0.03445 -0.09583 -0.01577 -0.16258 -0.06620 0.98435
1518196928.033745133 -0.02277 0.03348 -0.09338 -0.01493 -0.16107 -0.06835 0.98446
1518196928.043800333 -0.02213 0.03686 -0.09463 -0.01531 -0.15900 -0.06565 0.98497
1518196928.053861744 -0.01783 0.03943 -0.09816 -0.01571 -0.15749 -0.06580 0.98520
1518196928.063929259 -0.01494 0.04328 -0.09957 -0.01456 -0.15590 -0.06474 0.98554
1518196928.073986204 -0.01118 0.04518 -0.10286 -0.01388 -0.15328 -0.06196 0.98614
1518196928.084040538 -0.00832 0.04571 -0.11046 -0.01509 -0.15163 -0.06078 0.98645
1518196928.094095584 -0.00547 0.04369 -0.10692 -0.01572 -0.15058 -0.05887 0.98672
1518196928.104108253 -0.00240 0.05147 -0.11485 -0.01480 -0.14920 -0.05810 0.98699
1518196928.114143901 -0.00028 0.05081 -0.11691 -0.01518 -0.14630 -0.05534 0.98757
1518196928.124196624 0.01033 0.05216 -0.12396 -0.01464 -0.14676 -0.05654 0.98745
1518196928.154357843 0.02214 0.05405 -0.13140 -0.01588 -0.14289 -0.05242 0.98822
1518196928.164412141 0.02988 0.05151 -0.14106 -0.01797 -0.14069 -0.05196 0.98853
1518196928.174572522 0.02930 0.05322 -0.13862 -0.01827 -0.13722 -0.05066 0.98908
1518196928.184623778 0.03235 0.05491 -0.13833 -0.01666 -0.13437 -0.04815 0.98962
1518196928.194675463 0.03132 0.05557 -0.13522 -0.01752 -0.13100 -0.04392 0.99025
1518196928.204727671 0.03475 0.05789 -0.14484 -0.01662 -0.12785 -0.04470 0.99065
1518196928.214781079 0.03800 0.05967 -0.13669 -0.01680 -0.12466 -0.04243 0.99115
1518196928.224833766 0.04433 0.06103 -0.14332 -0.01748 -0.12343 -0.03972 0.99140
1518196928.234887025 0.04671 0.06016 -0.13786 -0.01774 -0.12164 -0.03725 0.99172
1518196928.244946858 0.04954 0.06079 -0.13829 -0.01820 -0.11938 -0.03554 0.99204
1518196928.255011911 0.04905 0.06059 -0.13638 -0.01920 -0.11682 -0.03532 0.99234
1518196928.265079814 0.05249 0.05949 -0.14453 -0.01975 -0.11329 -0.03693 0.99268
1518196928.275142848 0.05677 0.05772 -0.14439 -0.02154 -0.11024 -0.03440 0.99308
1518196928.285202840 0.06299 0.06083 -0.14964 -0.02062 -0.10961 -0.03241 0.99323
1518196928.295256115 0.06204 0.05570 -0.13811 -0.02372 -0.10527 -0.02937 0.99373
1518196928.305296635 0.06431 0.06069 -0.14381 -0.02260 -0.10241 -0.03106 0.99400
1518196928.315351393 0.06857 0.05998 -0.14056 -0.02268 -0.09957 -0.02732 0.99440
1518196928.325414790 0.07251 0.05965 -0.14467 -0.02330 -0.09721 -0.02486 0.99468
1518196928.335426845 0.07554 0.06311 -0.14713 -0.02311 -0.09494 -0.02447 0.99491
1518196928.345438062 0.08378 0.06372 -0.14646 -0.02419 -0.09361 -0.02435 0.99502
1518196928.355460535 0.08673 0.06578 -0.14519 -0.02429 -0.09068 -0.02251 0.99533
1518196928.365495457 0.08732 0.06791 -0.14837 -0.02353 -0.08799 -0.02257 0.99559
1518196928.375508704 0.09057 0.06252 -0.14300 -0.02435 -0.08511 -0.01884 0.99590
1518196928.385564309 0.09489 0.06562 -0.14338 -0.02478 -0.08323 -0.01956 0.99603
1518196928.395621858 0.09615 0.06370 -0.13688 -0.02558 -0.08114 -0.01377 0.99628
1518196928.405677191 0.10311 0.06526 -0.14090 -0.02417 -0.07795 -0.01258 0.99658
1518196928.415733625 0.10368 0.06353 -0.14239 -0.02468 -0.07441 -0.01438 0.99682
1518196928.425790380 0.10739 0.06482 -0.13984 -0.02586 -0.07328 -0.01066 0.99692
1518196928.435843144 0.11360 0.06507 -0.13873 -0.02692 -0.07106 -0.00978 0.99706
1518196928.445895360 0.11290 0.06296 -0.13372 -0.02676 -0.06836 -0.01388 0.99721
1518196928.455951268 0.11791 0.06382 -0.13933 -0.02625 -0.06613 -0.00845 0.99743
1518196928.466007283 0.12335 0.06231 -0.12960 -0.02732 -0.06534 -0.00903 0.99745
1518196928.476060895 0.12532 0.06229 -0.13846 -0.02715 -0.06275 -0.00566 0.99764
1518196928.486117658 0.12996 0.06458 -0.13196 -0.02553 -0.06062 -0.00605 0.99782
1518196928.496173198 0.12744 0.06207 -0.13421 -0.02589 -0.05859 -0.00477 0.99793
1518196928.506247726 0.13381 0.06148 -0.13410 -0.02647 -0.05657 -0.00226 0.99804
1518196928.516302888 0.13882 0.05584 -0.13304 -0.02916 -0.05617 -0.00546 0.99798
1518196928.526358979 0.14530 0.05383 -0.13545 -0.02824 -0.05364 -0.00434 0.99815
1518196928.531387912 0.14641 0.05807 -0.13383 -0.02689 -0.05346 -0.00304 0.99820
1518196928.541450333 0.14438 0.05348 -0.12175 -0.02840 -0.05062 -0.00053 0.99831
1518196928.561567601 0.15268 0.05472 -0.13043 -0.02717 -0.04626 0.00191 0.99856
1518196928.571620631 0.15785 0.05283 -0.12507 -0.02755 -0.04728 0.00170 0.99850
1518196928.581680740 0.16148 0.05475 -0.12243 -0.02620 -0.04564 0.00361 0.99861
1518196928.591737977 0.16075 0.05180 -0.12720 -0.02685 -0.04440 0.00758 0.99862
1518196928.601804045 0.16742 0.05700 -0.12296 -0.02511 -0.04264 0.00520 0.99876
1518196928.611819641 0.16897 0.05201 -0.12292 -0.02599 -0.04140 0.00685 0.99878
1518196928.621839537 0.17227 0.05551 -0.11932 -0.02463 -0.03957 0.00819 0.99888
1518196928.631896825 0.16971 0.05575 -0.11404 -0.02333 -0.03757 0.00882 0.99898
1518196928.641950530 0.17183 0.05251 -0.11397 -0.02201 -0.03464 0.01181 0.99909
1518196928.652005638 0.17470 0.05419 -0.11744 -0.02090 -0.03409 0.01440 0.99910
1518196928.662067034 0.17320 0.05084 -0.09765 -0.02219 -0.03179 0.01258 0.99917
1518196928.672128288 0.17385 0.04594 -0.09617 -0.02262 -0.03093 0.01472 0.99916
1518196928.682184088 0.17541 0.04863 -0.09890 -0.02241 -0.02889 0.01365 0.99924
1518196928.692240274 0.18121 0.04338 -0.10108 -0.02171 -0.02855 0.01343 0.99927
1518196928.702282107 0.17631 0.03837 -0.09526 -0.02287 -0.02715 0.01229 0.99929
1518196928.712298192 0.18120 0.03567 -0.09887 -0.02270 -0.02696 0.01503 0.99927
1518196928.722352527 0.18159 0.02868 -0.09845 -0.02380 -0.02593 0.01653 0.99924
1518196928.732412941 0.18439 0.03113 -0.09870 -0.02165 -0.02485 0.01588 0.99933
1518196928.742485020 0.18076 0.02943 -0.09542 -0.02078 -0.02368 0.01684 0.99936
1518196928.752522534 0.17660 0.02919 -0.08729 -0.02044 -0.02062 0.01794 0.99942
1518196928.762576813 0.17851 0.03280 -0.08696 -0.01740 -0.02003 0.01632 0.99951
1518196928.772628419 0.17749 0.02804 -0.08258 -0.01676 -0.01988 0.01894 0.99948
1518196928.782681641 0.17279 0.02825 -0.07863 -0.01450 -0.01861 0.01671 0.99958
1518196928.792737450 0.18061 0.02480 -0.07065 -0.01534 -0.01680 0.02058 0.99953
1518196928.802794602 0.17755 0.01765 -0.07352 -0.01552 -0.01633 0.02201 0.99950
1518196928.812848892 0.17547 0.01115 -0.08142 -0.01725 -0.01575 0.01764 0.99957
1518196928.822903197 0.17332 0.01197 -0.07284 -0.01706 -0.01404 0.02138 0.99953
1518196928.832954936 0.17577 0.01050 -0.07041 -0.01405 -0.01432 0.02428 0.99950
1518196928.843008036 0.17652 0.01012 -0.06356 -0.01535 -0.01305 0.02151 0.99957
1518196928.853064575 0.17157 0.00516 -0.06568 -0.01296 -0.01278 0.02387 0.99955
1518196928.863130009 0.17465 0.00389 -0.05274 -0.01189 -0.01263 0.02655 0.99950
1518196928.873162982 0.17642 0.00566 -0.04754 -0.00969 -0.01239 0.02255 0.99962
1518196928.883193904 0.17888 0.00134 -0.04157 -0.00947 -0.01406 0.02483 0.99955
1518196928.893247624 0.17315 0.00354 -0.03567 -0.00749 -0.01192 0.02598 0.99956
1518196928.903299105 0.17127 0.00325 -0.03020 -0.00576 -0.01215 0.02708 0.99954
1518196928.913356788 0.17688 0.00353 -0.03726 -0.00421 -0.01035 0.02791 0.99955
1518196928.923401250 0.17529 -0.00274 -0.02356 -0.00294 -0.01210 0.02873 0.99951
1518196928.933469177 0.18183 -0.00518 -0.02290 -0.00424 -0.01232 0.02994 0.99947
1518196928.943477350 0.18385 -0.00643 -0.02415 -0.00255 -0.01344 0.03058 0.99944
1518196928.953550490 0.18462 -0.00869 -0.02334 -0.00213 -0.01194 0.02991 0.99948
1518196928.963610113 0.18003 -0.01147 -0.01530 -0.00221 -0.00977 0.03299 0.99941
1518196928.973664277 0.18203 -0.01245 -0.01039 -0.00069 -0.00836 0.03570 0.99933
1518196928.983726805 0.18084 -0.01462 -0.00939 -0.00002 -0.00590 0.03357 0.99942
1518196928.993792838 0.18227 -0.01876 -0.00979 -0.00004 -0.00614 0.03344 0.99942
1518196929.003852328 0.18046 -0.01933 -0.00800 0.00121 -0.00545 0.03402 0.99941
1518196929.013912082 0.18359 -0.02069 0.00116 0.00203 -0.00405 0.03443 0.99940
1518196929.024002230 0.18546 -0.02230 0.00629 0.00274 -0.00411 0.03393 0.99941
1518196929.034095737 0.17990 -0.02402 0.00702 0.00270 -0.00101 0.03428 0.99941
1518196929.044150023 0.18584 -0.02370 0.00549 0.00560 -0.00190 0.03541 0.99936
1518196929.054205247 0.18506 -0.02285 0.00267 0.00756 -0.00152 0.03714 0.99928
1518196929.064260386 0.18704 -0.02466 0.01078 0.00928 -0.00208 0.03876 0.99920
1518196929.074317881 0.18027 -0.02517 0.01933 0.01012 0.00105 0.04072 0.99912
1518196929.084374334 0.18182 -0.02916 0.01820 0.01041 0.00244 0.03954 0.99916
1518196929.094444683 0.17811 -0.02850 0.02191 0.01145 0.00181 0.03914 0.99917
1518196929.104526030 0.18027 -0.02880 0.01877 0.01323 0.00361 0.04065 0.99908
1518196929.114577226 0.18152 -0.03274 0.03251 0.01194 0.00249 0.03742 0.99923
1518196929.124628470 0.18338 -0.03553 0.02850 0.01283 0.00290 0.04060 0.99909
1518196929.134681771 0.18336 -0.03411 0.03856 0.01474 0.00267 0.03976 0.99910
1518196929.144737652 0.17953 -0.03642 0.03802 0.01490 0.00423 0.04116 0.99903
1518196929.154792169 0.17253 -0.03667 0.04581 0.01600 0.00533 0.03896 0.99910
1518196929.164845515 0.17083 -0.04109 0.04516 0.01495 0.00542 0.03927 0.99910
1518196929.174899973 0.17513 -0.04653 0.04663 0.01507 0.00318 0.04144 0.99902
1518196929.184957437 0.17765 -0.05026 0.05231 0.01377 0.00334 0.03902 0.99914
1518196929.195014139 0.17517 -0.04800 0.05539 0.01543 0.00270 0.03921 0.99911
1518196929.205070181 0.17673 -0.05282 0.05298 0.01603 0.00307 0.03923 0.99910
1518196929.215125655 0.17135 -0.05392 0.05218 0.01734 0.00456 0.04011 0.99903
1518196929.225180057 0.16991 -0.05303 0.06366 0.01872 0.00555 0.04302 0.99888
1518196929.235233745 0.16374 -0.05448 0.05898 0.01949 0.00781 0.04121 0.99893
1518196929.245286884 0.16570 -0.05248 0.06440 0.02110 0.00728 0.04084 0.99892
1518196929.255339966 0.15956 -0.05466 0.07623 0.02137 0.00891 0.03840 0.99899
1518196929.265393414 0.15921 -0.05863 0.07777 0.02071 0.00890 0.04002 0.99894
1518196929.275456096 0.15546 -0.06193 0.07405 0.02218 0.00909 0.04008 0.99891
1518196929.285510058 0.15820 -0.06071 0.08156 0.02145 0.00733 0.03592 0.99910
1518196929.295563655 0.15920 -0.05987 0.07325 0.02426 0.00609 0.03923 0.99892
1518196929.305617029 0.15798 -0.05908 0.08608 0.02508 0.00395 0.03672 0.99900
1518196929.315671227 0.15672 -0.06301 0.08537 0.02532 0.00323 0.03890 0.99892
1518196929.325726919 0.15307 -0.06536 0.07714 0.02477 0.00478 0.03905 0.99892
1518196929.335838333 0.14971 -0.06732 0.08971 0.02561 0.00476 0.03780 0.99895
1518196929.345894981 0.14975 -0.06432 0.09057 0.02582 0.00314 0.03505 0.99905
1518196929.355953812 0.15027 -0.06618 0.08952 0.02659 0.00097 0.03311 0.99910
1518196929.366006864 0.14770 -0.07022 0.08358 0.02732 0.00123 0.03789 0.99891
1518196929.376061699 0.14489 -0.06907 0.08828 0.02706 -0.00026 0.03432 0.99904
1518196929.386119158 0.14427 -0.07158 0.08654 0.02732 -0.00091 0.03476 0.99902
1518196929.396174996 0.14576 -0.07357 0.08450 0.02778 -0.00338 0.03390 0.99903
1518196929.406232186 0.14251 -0.07614 0.09226 0.02650 -0.00362 0.03514 0.99902
1518196929.416288542 0.14495 -0.07691 0.08611 0.02636 -0.00752 0.03225 0.99910
1518196929.426346598 0.14193 -0.07535 0.08218 0.02766 -0.00908 0.03824 0.99884
1518196929.431373181 0.14502 -0.07779 0.08708 0.02787 -0.01052 0.03770 0.99884
1518196929.441446319 0.14220 -0.07760 0.08617 0.02631 -0.01251 0.03461 0.99898
1518196929.451464094 0.13563 -0.08039 0.08889 0.02620 -0.01181 0.03121 0.99910
1518196929.461504617 0.13207 -0.08008 0.09256 0.02513 -0.01301 0.03365 0.99903
1518196929.471563974 0.13242 -0.07978 0.08892 0.02621 -0.01438 0.03681 0.99887
1518196929.481625637 0.12773 -0.07773 0.09332 0.02522 -0.01622 0.02916 0.99912
1518196929.491681442 0.12895 -0.07927 0.09298 0.02583 -0.01807 0.03130 0.99901
1518196929.501735290 0.12154 -0.07649 0.09065 0.02600 -0.01867 0.02809 0.99909
1518196929.511787513 0.11875 -0.07721 0.08981 0.02536 -0.02007 0.02952 0.99904
1518196929.521840671 0.11762 -0.07424 0.08617 0.02882 -0.02128 0.03049 0.99889
1518196929.531894858 0.11736 -0.07387 0.08628 0.02610 -0.02424 0.02570 0.99903
1518196929.541952875 0.11544 -0.07394 0.08760 0.02684 -0.02689 0.02778 0.99889
1518196929.552009062 0.11444 -0.07287 0.08333 0.02638 -0.02828 0.02808 0.99886
1518196929.562085281 0.11191 -0.07040 0.08690 0.02739 -0.02993 0.02599 0.99884
1518196929.572104497 0.10704 -0.07173 0.08398 0.02741 -0.03065 0.02776 0.99877
1518196929.582124002 0.10422 -0.07224 0.08124 0.02587 -0.03176 0.02831 0.99876
1518196929.592153098 0.09956 -0.06655 0.08560 0.02762 -0.03299 0.02413 0.99878
1518196929.602168139 0.09406 -0.06980 0.08365 0.02590 -0.03232 0.02334 0.99887
1518196929.612226989 0.08797 -0.06766 0.08573 0.02554 -0.03450 0.02397 0.99879
1518196929.622313528 0.08128 -0.07008 0.08169 0.02467 -0.03463 0.01961 0.99890
1518196929.632354225 0.07902 -0.06696 0.08273 0.02344 -0.03681 0.01871 0.99887
1518196929.642423168 0.07631 -0.06637 0.07911 0.02433 -0.03960 0.01950 0.99873
1518196929.652473152 0.07436 -0.06639 0.07981 0.02364 -0.04161 0.01558 0.99873
1518196929.662530303 0.06993 -0.06841 0.07559 0.02134 -0.04317 0.01660 0.99870
1518196929.672590230 0.06699 -0.06739 0.07629 0.02074 -0.04498 0.01342 0.99868
1518196929.682649052 0.06484 -0.06838 0.06791 0.02093 -0.04629 0.01572 0.99859
1518196929.692705382 0.05999 -0.06575 0.06953 0.02088 -0.04720 0.01411 0.99857
1518196929.702742495 0.05727 -0.05946 0.07071 0.02257 -0.04831 0.01213 0.99850
1518196929.712796409 0.05418 -0.06291 0.06252 0.02065 -0.04976 0.01406 0.99845
1518196929.722852804 0.05245 -0.05970 0.05902 0.02101 -0.05142 0.01385 0.99836
1518196929.732914820 0.04586 -0.05895 0.06814 0.01977 -0.05200 0.00723 0.99843
1518196929.742973981 0.04200 -0.05933 0.06215 0.01930 -0.05339 0.00650 0.99837
1518196929.753034166 0.04016 -0.05755 0.05794 0.01885 -0.05480 0.00602 0.99830
1518196929.763090410 0.03985 -0.05816 0.05030 0.01780 -0.05687 0.00593 0.99821
1518196929.773143171 0.03894 -0.05783 0.04887 0.01741 -0.05997 0.00862 0.99801
1518196929.783197872 0.03548 -0.05454 0.04856 0.01744 -0.06283 0.00593 0.99785
1518196929.793264462 0.03496 -0.05541 0.04489 0.01689 -0.06437 0.00605 0.99776
1518196929.803321953 0.02985 -0.05167 0.04584 0.01774 -0.06511 0.00524 0.99771
1518196929.813389389 0.02557 -0.05122 0.03805 0.01678 -0.06536 0.00443 0.99771
1518196929.823452238 0.02066 -0.04498 0.03662 0.01916 -0.06665 0.00348 0.99759
1518196929.833506993 0.02035 -0.04359 0.03731 0.01835 -0.06883 0.00217 0.99746
1518196929.843562774 0.01802 -0.04625 0.02891 0.01790 -0.07011 0.00330 0.99737
1518196929.853625062 0.01462 -0.04302 0.02417 0.01708 -0.07114 0.00160 0.99732
1518196929.863686256 0.01052 -0.04213 0.02373 0.01716 -0.07259 -0.00096 0.99721
1518196929.873745974 0.01033 -0.03874 0.01640 0.01803 -0.07429 0.00111 0.99707
1518196929.883811591 0.00919 -0.03748 0.01615 0.01670 -0.07626 -0.00233 0.99695
1518196929.893877832 0.00460 -0.03767 0.01810 0.01463 -0.07553 -0.00419 0.99703
1518196929.903930044 0.00451 -0.03864 0.01099 0.01375 -0.07700 -0.00570 0.99692
1518196929.913982883 0.00449 -0.03926 0.00653 0.01383 -0.07968 -0.00339 0.99672
1518196929.924048447 0.00057 -0.03222 0.00567 0.01499 -0.07914 -0.00314 0.99675
1518196929.934114913 -0.00485 -0.02523 -0.00014 0.01720 -0.07834 -0.00436 0.99677
1518196929.944175914 -0.00644 -0.02477 -0.00276 0.01650 -0.07965 -0.00505 0.99667
1518196929.954244737 -0.00547 -0.02505 -0.00206 0.01652 -0.08110 -0.00366 0.99656
1518196929.964300145 -0.00344 -0.02411 -0.01738 0.01649 -0.08343 -0.00297 0.99637
1518196929.974355122 -0.00599 -0.01947 -0.02074 0.01723 -0.08486 -0.00658 0.99622
1518196929.984427674 -0.01115 -0.01506 -0.01182 0.01734 -0.08333 -0.00748 0.99634
1518196929.994474602 -0.01015 -0.01552 -0.01952 0.01741 -0.08363 -0.00494 0.99633
1518196930.004538503 -0.01463 -0.01367 -0.01953 0.01832 -0.08396 -0.00267 0.99630
1518196930.014602300 -0.01434 -0.01046 -0.02976 0.01972 -0.08465 -0.00151 0.99621
1518196930.024666536 -0.01519 -0.00648 -0.02918 0.01987 -0.08436 -0.00168 0.99624
1518196930.034752857 -0.01842 -0.00198 -0.02937 0.02060 -0.08450 -0.00284 0.99621
1518196930.044804126 -0.02491 -0.00473 -0.03031 0.01833 -0.08432 -0.00465 0.99626
1518196930.054860983 -0.02401 0.00013 -0.03942 0.02074 -0.08278 -0.00274 0.99635
1518196930.064913796 -0.02514 -0.00435 -0.04762 0.01915 -0.08348 -0.00213 0.99632
1518196930.074970656 -0.02723 0.00170 -0.04439 0.01919 -0.08369 -0.00208 0.99630
1518196930.085032438 -0.03367 0.00425 -0.03998 0.01832 -0.08190 -0.00625 0.99645
1518196930.095090128 -0.03633 0.00870 -0.05433 0.02092 -0.08091 -0.00590 0.99648
1518196930.105141483 -0.03075 0.00704 -0.05195 0.01833 -0.07958 -0.00146 0.99666
1518196930.115193495 -0.03238 0.00406 -0.05386 0.01831 -0.08085 -0.00200 0.99656
1518196930.125245247 -0.03667 0.00723 -0.05092 0.01537 -0.07921 -0.00413 0.99673
1518196930.135296927 -0.04003 0.00811 -0.05599 0.01461 -0.07877 -0.00346 0.99678
1518196930.145348605 -0.03868 0.00829 -0.06351 0.01583 -0.07835 0.00030 0.99680
1518196930.155381855 -0.03300 0.00910 -0.05880 0.01439 -0.07981 0.00060 0.99671
1518196930.165434294 -0.02921 0.00976 -0.07419 0.01323 -0.08217 -0.00288 0.99653
1518196930.175486960 -0.02435 0.00860 -0.07091 0.01299 -0.08361 0.00081 0.99641
1518196930.185541576 -0.02118 0.00828 -0.07660 0.01150 -0.08477 0.00270 0.99633
1518196930.195598521 -0.02241 0.00589 -0.08313 0.00990 -0.08262 0.00332 0.99653
1518196930.205655201 -0.01827 0.01454 -0.08006 0.01138 -0.08316 0.00437 0.99646
1518196930.215714250 -0.01897 0.01391 -0.07767 0.01073 -0.08321 0.00199 0.99647
1518196930.225775097 -0.01057 0.01543 -0.08394 0.00988 -0.08476 0.00679 0.99633
1518196930.235829713 -0.01241 0.01735 -0.08979 0.01131 -0.08336 0.00922 0.99641
1518196930.245871654 -0.00937 0.02042 -0.08659 0.01123 -0.08253 0.00532 0.99651
1518196930.255923768 -0.00823 0.02158 -0.08996 0.01023 -0.08108 0.01096 0.99659
1518196930.265976994 -0.00699 0.02739 -0.08722 0.01085 -0.08112 0.01073 0.99659
1518196930.276029841 -0.00931 0.03214 -0.08531 0.01284 -0.07849 0.01102 0.99677
1518196930.286084933 -0.01033 0.03731 -0.08645 0.01241 -0.07777 0.00987 0.99685
1518196930.296095338 -0.01149 0.03559 -0.09905 0.01404 -0.07533 0.01274 0.99698
1518196930.306136966 -0.00988 0.03543 -0.10316 0.01470 -0.07476 0.01332 0.99700
1518196930.316188610 -0.01069 0.03349 -0.08692 0.01233 -0.07219 0.01690 0.99717
1518196930.326240719 -0.01093 0.04108 -0.09613 0.01382 -0.07023 0.01744 0.99728
1518196930.336297152 -0.00570 0.03952 -0.09462 0.01173 -0.06840 0.01685 0.99745
1518196930.346358457 -0.00179 0.04218 -0.09450 0.01366 -0.06851 0.02170 0.99732
1518196930.351371001 -0.00029 0.04534 -0.09644 0.01527 -0.06865 0.01990 0.99733
1518196930.361406176 0.00691 0.04397 -0.10317 0.01603 -0.06729 0.02436 0.99731
1518196930.371458957 0.01019 0.04565 -0.10582 0.01453 -0.06591 0.02332 0.99745
1518196930.381512703 0.01287 0.04495 -0.10224 0.01555 -0.06344 0.02595 0.99753
1518196930.391569562 0.01328 0.04316 -0.11368 0.01275 -0.06249 0.01842 0.99779
1518196930.401625094 0.01448 0.03857 -0.10665 0.01241 -0.06065 0.02293 0.99782
1518196930.411680442 0.02020 0.04189 -0.11060 0.01398 -0.06018 0.02893 0.99767
1518196930.421737859 0.02472 0.03949 -0.10930 0.01279 -0.06069 0.02087 0.99786
1518196930.431791658 0.02362 0.04648 -0.10954 0.01522 -0.05862 0.02858 0.99776
1518196930.441843509 0.02782 0.04166 -0.11698 0.01526 -0.05888 0.02664 0.99779
1518196930.451900959 0.03206 0.04687 -0.11410 0.01664 -0.05766 0.02943 0.99776
1518196930.461958985 0.03581 0.04383 -0.11441 0.01746 -0.05664 0.02956 0.99780
1518196930.472014090 0.04174 0.05017 -0.11737 0.01866 -0.05712 0.02919 0.99777
1518196930.482071480 0.04443 0.04718 -0.12000 0.01642 -0.05505 0.02887 0.99793
1518196930.492131373 0.04445 0.04509 -0.12122 0.01521 -0.05377 0.02630 0.99809
1518196930.502183397 0.04370 0.03841 -0.12172 0.01475 -0.05437 0.02951 0.99798
1518196930.512239580 0.04617 0.04173 -0.11863 0.01453 -0.05066 0.02984 0.99816
1518196930.522295999 0.04636 0.03584 -0.11902 0.01397 -0.04774 0.03420 0.99818
1518196930.532378294 0.04744 0.04149 -0.12474 0.01561 -0.04667 0.03141 0.99829
1518196930.542433180 0.04494 0.03823 -0.12218 0.01449 -0.04408 0.03244 0.99840
1518196930.552496218 0.04571 0.03533 -0.11001 0.01457 -0.04174 0.03080 0.99855
1518196930.562553006 0.04566 0.03547 -0.10994 0.01459 -0.04018 0.03017 0.99863
1518196930.572605853 0.04097 0.03183 -0.10365 0.01406 -0.03639 0.03125 0.99875
1518196930.582657357 0.03425 0.03362 -0.09698 0.01386 -0.03109 0.02627 0.99908
1518196930.592694852 0.03143 0.03196 -0.08995 0.01450 -0.02900 0.02895 0.99905
1518196930.602752481 0.03276 0.03177 -0.09850 0.01341 -0.02726 0.02320 0.99927
1518196930.612809004 0.03697 0.02689 -0.08961 0.01321 -0.02515 0.02621 0.99925
1518196930.622869713 0.03352 0.02122 -0.09068 0.01220 -0.02211 0.02843 0.99928
1518196930.632923135 0.03429 0.01966 -0.09175 0.01094 -0.02163 0.02283 0.99945
1518196930.642975272 0.04079 0.01718 -0.09095 0.01167 -0.02287 0.02391 0.99938
1518196930.653031191 0.04185 0.01419 -0.08767 0.01223 -0.02202 0.02453 0.99938
1518196930.663089096 0.03625 0.01315 -0.08544 0.01205 -0.02036 0.02275 0.99946
1518196930.673149342 0.03601 0.00998 -0.07931 0.01303 -0.01878 0.02163 0.99950
1518196930.683206353 0.04034 0.01112 -0.08249 0.01471 -0.01904 0.02597 0.99937
1518196930.693274553 0.04420 0.00928 -0.07886 0.01411 -0.01813 0.02565 0.99941
1518196930.703344219 0.04299 0.00734 -0.07615 0.01496 -0.01747 0.02447 0.99944
1518196930.713360330 0.04464 0.01017 -0.07209 0.01621 -0.01690 0.02442 0.99943
1518196930.723387801 0.04597 0.00853 -0.07208 0.01753 -0.01580 0.02541 0.99940
1518196930.733439171 0.04714 0.00750 -0.06373 0.01819 -0.01585 0.02346 0.99943
1518196930.743496146 0.05172 0.00353 -0.07035 0.01920 -0.01646 0.02694 0.99932
1518196930.753553586 0.05496 0.00052 -0.07736 0.01802 -0.01608 0.02529 0.99939
1518196930.763606310 0.05462 -0.00266 -0.07229 0.01887 -0.01756 0.02466 0.99936
1518196930.773657874 0.05464 -0.00899 -0.06959 0.01914 -0.01772 0.02593 0.99932
1518196930.783714673 0.04831 -0.01128 -0.05946 0.01904 -0.01536 0.02254 0.99945
1518196930.793776212 0.05117 -0.01226 -0.06839 0.02058 -0.01678 0.02478 0.99934
